+1.8065093340e-02 +6.5603451390e-03
+1.8161995980e-02 +6.3760594340e-03
+1.8258420960e-02 +6.1912558680e-03
+1.8355099960e-02 +6.0065795170e-03
+1.8451414230e-02 +5.8216942470e-03
+1.8548093040e-02 +5.6370133280e-03
+1.8644553120e-02 +5.4522158290e-03
+1.8741220550e-02 +5.2675683900e-03
+1.8837748900e-02 +5.0830166770e-03
+1.8698698650e-02 +4.9392822910e-03
+1.8554831950e-02 +4.7927188790e-03
+1.8404438260e-02 +4.6399993710e-03
+1.8246900110e-02 +4.4816191810e-03
+1.8082238770e-02 +4.3174482040e-03
+1.7910193750e-02 +4.1476374460e-03
+1.7730608060e-02 +3.9722423390e-03
+1.7543365240e-02 +3.7912791050e-03
+1.7348467580e-02 +3.6046449130e-03
+1.7145672470e-02 +3.4124973180e-03
+1.6934680580e-02 +3.2150597320e-03
+1.6715339550e-02 +3.0124091020e-03
+1.6487514930e-02 +2.8046115060e-03
+1.6251111520e-02 +2.5916941490e-03
+1.6006516490e-02 +2.3731429450e-03
+1.5754434100e-02 +2.1480863590e-03
+1.5495000510e-02 +1.9162875420e-03
+1.5228075160e-02 +1.6778208020e-03
+1.4953880350e-02 +1.4323619310e-03
+1.4672760280e-02 +1.1794561170e-03
+1.4384363550e-02 +9.1942645880e-04
+1.4088057180e-02 +6.5291392630e-04
+1.3784130170e-02 +3.7954093910e-04
+1.3473318200e-02 +9.8439283940e-05
+1.3155539450e-02 -1.9034809190e-04
+1.2830279400e-02 -4.8629330940e-04
+1.2497521720e-02 -7.8941379250e-04
+1.2157510820e-02 -1.1000100100e-03
+1.1810231680e-02 -1.4180910240e-03
+1.1455552650e-02 -1.7435316270e-03
+1.1093485990e-02 -2.0763594610e-03
+1.0724147850e-02 -2.4167090150e-03
+1.0347831040e-02 -2.7648973580e-03
+9.9646706480e-03 -3.1210650260e-03
+9.5742648880e-03 -3.4847687920e-03
+9.1765675270e-03 -3.8559404380e-03
+8.7720131160e-03 -4.2350218890e-03
+8.3602957580e-03 -4.6216597280e-03
+7.9412809280e-03 -5.0156727260e-03
+7.5161786230e-03 -5.4182982840e-03
+7.0845569520e-03 -5.8290334010e-03
+6.6456967210e-03 -6.2470595280e-03
+6.2008597310e-03 -6.6736363380e-03
+5.7487475010e-03 -7.1073437180e-03
+5.2902060500e-03 -7.5489782940e-03
+4.8263695650e-03 -7.9996386080e-03
+4.3551483570e-03 -8.4570720890e-03
+3.8782709880e-03 -8.9229626120e-03
+3.3959023770e-03 -9.3973709330e-03
+2.9064221080e-03 -9.8785366780e-03
+2.4121241940e-03 -1.0368674540e-02
+1.9119541700e-03 -1.0866587870e-02
+1.4062422750e-03 -1.1372482310e-02
+8.9470558910e-04 -1.1885936930e-02
+3.7872488160e-04 -1.2408180950e-02
-1.4342539510e-04 -1.2937357380e-02
-6.6895824810e-04 -1.3476045700e-02
-1.2007441120e-03 -1.4021278920e-02
-1.7367426310e-03 -1.4574870660e-02
-2.2771376540e-03 -1.5136474000e-02
-2.8212610250e-03 -1.5706532180e-02
-3.3690491920e-03 -1.6284925940e-02
-3.9228873410e-03 -1.6869197380e-02
-4.4794667420e-03 -1.7462264560e-02
-5.0382203160e-03 -1.8064462830e-02
-5.6035053100e-03 -1.8671516590e-02
-6.1698786270e-03 -1.9288257160e-02
-6.7384169970e-03 -1.9913453360e-02
-7.3127024540e-03 -2.0543617820e-02
-7.8870706240e-03 -2.1183653550e-02
-8.4640637550e-03 -2.1831029080e-02
-9.0452590980e-03 -2.2484100190e-02
-9.6257184660e-03 -2.3146991540e-02
-1.0209143090e-02 -2.3816193670e-02
-1.0795496900e-02 -2.4491488740e-02
-1.1380283430e-02 -2.5176506850e-02
-1.1969019790e-02 -2.5866250400e-02
-1.2556760950e-02 -2.6564647770e-02
-1.3145115460e-02 -2.7270085070e-02
-1.3736357170e-02 -2.7980389630e-02
-1.4324016960e-02 -2.8700632440e-02
-1.4913740890e-02 -2.9425897870e-02
-1.5503934360e-02 -3.0157191290e-02
-1.6091286200e-02 -3.0896925000e-02
-1.6680812990e-02 -3.1640792450e-02
-1.7266281400e-02 -3.2393412480e-02
-1.7852053930e-02 -3.3151093950e-02
-1.8438221210e-02 -3.3913471050e-02
-1.9018415770e-02 -3.4685133670e-02
-1.9601053140e-02 -3.5459399700e-02
-2.0177454650e-02 -3.6242462280e-02
-2.0753881140e-02 -3.7029391740e-02
-2.1329130360e-02 -3.7820774540e-02
-2.1897242260e-02 -3.8620626470e-02
-2.2466908250e-02 -3.9422421290e-02
-2.3028982580e-02 -4.0232317480e-02
-2.3591090880e-02 -4.1044698320e-02
-2.4148389000e-02 -4.1862589690e-02
-2.4699719980e-02 -4.2686505750e-02
-2.5252306220e-02 -4.3511282480e-02
-2.5793473000e-02 -4.4345025530e-02
-2.6334523680e-02 -4.5180027370e-02
-2.6871841110e-02 -4.6018350100e-02
-2.7402644350e-02 -4.6861490710e-02
-2.7927310630e-02 -4.7708883510e-02
-2.8447118760e-02 -4.8559436680e-02
-2.8961014500e-02 -4.9413509200e-02
-2.9468889550e-02 -5.0270865300e-02
-2.9970184830e-02 -5.1131540060e-02
-3.0465587750e-02 -5.1994846410e-02
-3.0954136000e-02 -5.2861052560e-02
-3.1434124210e-02 -5.3730799950e-02
-3.1908836520e-02 -5.4601997540e-02
-3.2376175210e-02 -5.5475526560e-02
-3.2834268800e-02 -5.6352062390e-02
-3.3285823270e-02 -5.7229910550e-02
-3.3730084090e-02 -5.8109209370e-02
-3.4164399910e-02 -5.8990995850e-02
-3.4591202570e-02 -5.9873772940e-02
-3.5009356770e-02 -6.0757835500e-02
-3.5418929270e-02 -6.1642882400e-02
-3.5818812540e-02 -6.2529143490e-02
-3.6209561100e-02 -6.3416078110e-02
-3.6592390440e-02 -6.4302911640e-02
-3.6964305880e-02 -6.5190677680e-02
-3.7326161530e-02 -6.6078706130e-02
-3.7679913580e-02 -6.6965964940e-02
-3.8024627020e-02 -6.7852605900e-02
-3.8356506420e-02 -6.8739813600e-02
-3.8679391040e-02 -6.9625848440e-02
-3.8993938010e-02 -7.0510291760e-02
-3.9296769640e-02 -7.1394089110e-02
-3.9588087470e-02 -7.2276874950e-02
-3.9872996440e-02 -7.3156767790e-02
-4.0145357340e-02 -7.4035528650e-02
-4.0405773270e-02 -7.4912683260e-02
-4.0654633560e-02 -7.5787855090e-02
-4.0892578120e-02 -7.6660624230e-02
-4.1114446210e-02 -7.7532092690e-02
-4.1325325180e-02 -7.8400631060e-02
-4.1524455500e-02 -7.9266224890e-02
-4.1709121650e-02 -8.0129243090e-02
-4.1876944200e-02 -8.0989796740e-02
-4.2030399230e-02 -8.1847023660e-02
-4.2170873790e-02 -8.2700434040e-02
-4.2295370570e-02 -8.3550234930e-02
-4.2400595870e-02 -8.4396420210e-02
-4.2491493110e-02 -8.5237986680e-02
-4.2567931760e-02 -8.6074686100e-02
-4.2624253880e-02 -8.6906610620e-02
-4.2662956740e-02 -8.7733022520e-02
-4.2687444020e-02 -8.8553460760e-02
-4.2695733910e-02 -8.9367696700e-02
-4.2680555180e-02 -9.0175167280e-02
-4.2651472920e-02 -9.0975497460e-02
-4.2609267660e-02 -9.1768566650e-02
-4.2541359420e-02 -9.2553013760e-02
-4.2460481990e-02 -9.3329241110e-02
-4.2367243870e-02 -9.4097246680e-02
-4.2248551280e-02 -9.4854709730e-02
-4.2149159960e-02 -9.5456216030e-02
-4.2030840190e-02 -9.6073169260e-02
-4.1895051770e-02 -9.6704654400e-02
-4.1739438930e-02 -9.7348832160e-02
-4.1563925420e-02 -9.8004169650e-02
-4.1362072460e-02 -9.8667049320e-02
-4.1135248270e-02 -9.9335715970e-02
-4.0878718210e-02 -1.0000601100e-01
-4.0591206670e-02 -1.0067452160e-01
-4.0268849970e-02 -1.0133606560e-01
-3.9913517090e-02 -1.0198776100e-01
-3.9517664190e-02 -1.0262076840e-01
-3.9088835250e-02 -1.0323465670e-01
-3.8624036300e-02 -1.0382191070e-01
-3.8130545570e-02 -1.0438239570e-01
-3.7609974420e-02 -1.0491172970e-01
-3.7066367680e-02 -1.0540751500e-01
-3.6505413500e-02 -1.0586969140e-01
-3.5930091170e-02 -1.0629532570e-01
-3.5345854730e-02 -1.0668511970e-01
-3.4756050310e-02 -1.0703713120e-01
-3.4166038680e-02 -1.0735338090e-01
-3.3579943530e-02 -1.0763459420e-01
-3.3000320160e-02 -1.0787891150e-01
-3.2431891600e-02 -1.0808979650e-01
-3.1878139560e-02 -1.0826939080e-01
-3.1342121890e-02 -1.0841979030e-01
-3.0826149920e-02 -1.0854179490e-01
-3.0333110910e-02 -1.0864015330e-01
-2.9864417470e-02 -1.0871477630e-01
-2.9421937260e-02 -1.0876985440e-01
-2.9006815930e-02 -1.0880752540e-01
-2.8619897800e-02 -1.0883004630e-01
-2.8261744580e-02 -1.0883996010e-01
-2.7932595600e-02 -1.0883982430e-01
-2.7633154700e-02 -1.0883198770e-01
-2.7364738670e-02 -1.0881842130e-01
-2.7122377570e-02 -1.0879989610e-01
-2.6906785670e-02 -1.0878034460e-01
-2.6708081880e-02 -1.0875845450e-01
-2.6892394800e-02 -1.0883577660e-01
-2.7089220130e-02 -1.0891923850e-01
-2.7309333130e-02 -1.0900843740e-01
-2.7552748840e-02 -1.0910463570e-01
-2.7820411290e-02 -1.0920670170e-01
-2.8112648110e-02 -1.0931507030e-01
-2.8430188410e-02 -1.0942895460e-01
-2.8774023950e-02 -1.0954668200e-01
-2.9144010830e-02 -1.0966972810e-01
-2.9540981040e-02 -1.0979654130e-01
-2.9964912890e-02 -1.0992815210e-01
-3.0416478860e-02 -1.1006308950e-01
-3.0896126520e-02 -1.1020057890e-01
-3.1403330460e-02 -1.1034291030e-01
-3.1938584230e-02 -1.1048878400e-01
-3.2501835350e-02 -1.1063861720e-01
-3.3093091010e-02 -1.1079243420e-01
-3.3712229700e-02 -1.1095057570e-01
-3.4358876890e-02 -1.1111414310e-01
-3.5033209060e-02 -1.1128187100e-01
-3.5734609870e-02 -1.1145539420e-01
-3.6462977260e-02 -1.1163404500e-01
-3.7217674210e-02 -1.1181908090e-01
-3.7997900150e-02 -1.1201215620e-01
-3.8803364340e-02 -1.1221258860e-01
-3.9633857240e-02 -1.1241911210e-01
-4.0488981060e-02 -1.1263096970e-01
-4.1367858510e-02 -1.1284908770e-01
-4.2270042990e-02 -1.1307237060e-01
-4.3195600720e-02 -1.1329737200e-01
-4.4143718150e-02 -1.1352401390e-01
-4.5113059880e-02 -1.1375410250e-01
-4.6103174820e-02 -1.1398547670e-01
-4.7113967360e-02 -1.1421419740e-01
-4.8144752530e-02 -1.1443839740e-01
-4.9194580410e-02 -1.1465709930e-01
-5.0262456310e-02 -1.1486922830e-01
-5.1347349470e-02 -1.1507362190e-01
-5.2448241540e-02 -1.1526871330e-01
-5.3564096960e-02 -1.1545264210e-01
-5.4693834620e-02 -1.1562326150e-01
-5.5836325710e-02 -1.1577814740e-01
-5.6990320210e-02 -1.1591492280e-01
-5.8154440120e-02 -1.1603135960e-01
-5.9327204470e-02 -1.1612513350e-01
-6.0507021270e-02 -1.1619351910e-01
-6.1692156680e-02 -1.1623371830e-01
-6.2880676520e-02 -1.1624282570e-01
-6.4070448490e-02 -1.1621792190e-01
-6.5259078430e-02 -1.1615563750e-01
-6.6443835730e-02 -1.1605224270e-01
-6.7621740690e-02 -1.1590509010e-01
-6.8789782870e-02 -1.1571328530e-01
-6.9944782420e-02 -1.1547582310e-01
-7.1083054530e-02 -1.1519040670e-01
-7.2200632410e-02 -1.1485512640e-01
-7.3293881640e-02 -1.1447021350e-01
-7.4359296620e-02 -1.1403660710e-01
-7.5392866740e-02 -1.1355433900e-01
-7.6390759070e-02 -1.1302428790e-01
-7.7354351400e-02 -1.1245639030e-01
-7.8286361570e-02 -1.1186059500e-01
-7.9173167720e-02 -1.1122178560e-01
-7.9999645810e-02 -1.1052785140e-01
-8.0788315240e-02 -1.0981235390e-01
-8.1552519840e-02 -1.0909272230e-01
-8.2259833340e-02 -1.0833876940e-01
-8.2896984890e-02 -1.0754525050e-01
-8.3466956070e-02 -1.0672245620e-01
-8.3953007140e-02 -1.0586729110e-01
-8.4335273300e-02 -1.0498018220e-01
-8.4596235470e-02 -1.0406884870e-01
-8.4734061680e-02 -1.0314911620e-01
-8.4774233370e-02 -1.0223819400e-01
-8.4727403780e-02 -1.0120525600e-01
-8.4609073020e-02 -1.0016690960e-01
-8.4433146090e-02 -9.9125762940e-02
-8.4208911860e-02 -9.8082800640e-02
-8.3978874870e-02 -9.7030104650e-02
-8.3729757200e-02 -9.5970897380e-02
-8.3431032580e-02 -9.4913600630e-02
-8.3107533500e-02 -9.3852598480e-02
-8.2769963200e-02 -9.2785098490e-02
-8.2407706880e-02 -9.1714872570e-02
-8.2012229160e-02 -9.0645626830e-02
-8.1579094000e-02 -8.9580191840e-02
-8.1115748830e-02 -8.8516651580e-02
-8.0629869300e-02 -8.7452399040e-02
-8.0119518890e-02 -8.6388907150e-02
-7.9581820980e-02 -8.5328256010e-02
-7.9017492730e-02 -8.4270855600e-02
-7.8427823720e-02 -8.3216749930e-02
-7.7813045150e-02 -8.2166543010e-02
-7.7173213930e-02 -8.1120930730e-02
-7.6509830720e-02 -8.0079706840e-02
-7.5825227240e-02 -7.9042028650e-02
-7.5121218020e-02 -7.8007268340e-02
-7.4398906850e-02 -7.6975198810e-02
-7.3659336620e-02 -7.5945594780e-02
-7.2903388860e-02 -7.4918293360e-02
-7.2131923400e-02 -7.3893134100e-02
-7.1345675890e-02 -7.2870027790e-02
-7.0545237040e-02 -7.1848968750e-02
-6.9731202710e-02 -7.0829942190e-02
-6.8904134410e-02 -6.9812946780e-02
-6.8064593380e-02 -6.8797976290e-02
-6.7213125030e-02 -6.7785034900e-02
-6.6350187560e-02 -6.6774193130e-02
-6.5476234030e-02 -6.5765523350e-02
-6.4591761860e-02 -6.4759055740e-02
-6.3697344330e-02 -6.3754748260e-02
-6.2793575790e-02 -6.2752540350e-02
-6.1880951840e-02 -6.1752460610e-02
-6.0959789600e-02 -6.0754697420e-02
-6.0030397800e-02 -5.9759449700e-02
-5.9093133770e-02 -5.8766874590e-02
-5.8148432380e-02 -5.7777060080e-02
-5.7196745290e-02 -5.6790082480e-02
-5.6238518940e-02 -5.5806023130e-02
-5.5274179050e-02 -5.4824982720e-02
-5.4304154940e-02 -5.3847059990e-02
-5.3328864510e-02 -5.2872367190e-02
-5.2348673910e-02 -5.1901071680e-02
-5.1363943080e-02 -5.0933348620e-02
-5.0375039920e-02 -4.9969367480e-02
-4.9382351150e-02 -4.9009280900e-02
-4.8386272810e-02 -4.8053232910e-02
-4.7387203480e-02 -4.7101367150e-02
-4.6385515650e-02 -4.6153855890e-02
-4.5381563740e-02 -4.5210890720e-02
-4.4375705730e-02 -4.4272660660e-02
-4.3368315020e-02 -4.3339338080e-02
-4.2359786800e-02 -4.2411071860e-02
-4.1350520000e-02 -4.1488006470e-02
-4.0340905710e-02 -4.0570293330e-02
-3.9331301600e-02 -3.9658120010e-02
-3.8322057710e-02 -3.8751679750e-02
-3.7313525880e-02 -3.7851162050e-02
-3.6306064610e-02 -3.6956746800e-02
-3.5300036540e-02 -3.6068606240e-02
-3.4295804320e-02 -3.5186909380e-02
-3.3293725590e-02 -3.4311826610e-02
-3.2294149300e-02 -3.3443534100e-02
-3.1297422440e-02 -3.2582205110e-02
-3.0303890380e-02 -3.1728009160e-02
-2.9313895750e-02 -3.0881113660e-02
-2.8327778560e-02 -3.0041682380e-02
-2.7345876420e-02 -2.9209875130e-02
-2.6368520540e-02 -2.8385852000e-02
-2.5396034860e-02 -2.7569774040e-02
-2.4428740090e-02 -2.6761797870e-02
-2.3466954030e-02 -2.5962074830e-02
-2.2510992250e-02 -2.5170749340e-02
-2.1561166710e-02 -2.4387960500e-02
-2.0617784710e-02 -2.3613843400e-02
-1.9681127230e-02 -2.2848555270e-02
-1.8751441640e-02 -2.2092283990e-02
-1.7828970990e-02 -2.1345211690e-02
-1.6913960270e-02 -2.0607506020e-02
-1.6006716080e-02 -1.9879246510e-02
-1.5107585530e-02 -1.9160449970e-02
-1.4216906330e-02 -1.8451131910e-02
-1.3335013950e-02 -1.7751294680e-02
-1.2462320180e-02 -1.7060830000e-02
-1.1599263720e-02 -1.6379579090e-02
-1.0746261880e-02 -1.5707395800e-02
-9.9036933250e-03 -1.5044167970e-02
-9.0717974650e-03 -1.4389946160e-02
-8.2507501550e-03 -1.3744846300e-02
-7.4407200210e-03 -1.3108978850e-02
-6.6418770150e-03 -1.2482437860e-02
-5.8544245560e-03 -1.1865260300e-02
-5.0785671860e-03 -1.1257466770e-02
-4.3144968850e-03 -1.0659078890e-02
-3.5623785700e-03 -1.0070137660e-02
-2.8223136060e-03 -9.4907499970e-03
-2.0943856220e-03 -8.9210302360e-03
-1.3786736960e-03 -8.3610833860e-03
-6.7530010360e-04 -7.8109442470e-03
+1.5512306890e-05 -7.2705040880e-03
+6.9354677280e-04 -6.7396469370e-03
+1.3586141910e-03 -6.2182770850e-03
+2.0107052010e-03 -5.7065132740e-03
+2.6500000940e-03 -5.2047014560e-03
+3.2766710970e-03 -4.7131625520e-03
+3.8908507370e-03 -4.2321523970e-03
+4.4924918230e-03 -3.7616830290e-03
+5.0814743360e-03 -3.3016594060e-03
+5.6576941250e-03 -2.8519925960e-03
+6.2210807820e-03 -2.4126226260e-03
+6.7716099540e-03 -1.9835345650e-03
+7.3092687560e-03 -1.5647144910e-03
+7.8340532060e-03 -1.1561466570e-03
+8.3459752060e-03 -7.5782280410e-04
+8.8450547090e-03 -3.6973224180e-04
+9.3313130750e-03 +8.1465248760e-06
+9.8047494300e-03 +3.7587600050e-04
+1.0265358940e-02 +7.3353585070e-04
+1.0713160860e-02 +1.0811863110e-03
+1.1148278720e-02 +1.4187645170e-03
+1.1570870460e-02 +1.7461742510e-03
+1.1981005560e-02 +2.0634443810e-03
+1.2378485940e-02 +2.3709597350e-03
+1.2763113520e-02 +2.6691153460e-03
+1.3135041430e-02 +2.9578624380e-03
+1.3494736480e-02 +3.2367565890e-03
+1.3842529070e-02 +3.5055387170e-03
+1.4178454470e-02 +3.7643407660e-03
+1.4502581320e-02 +4.0132568140e-03
+1.4815335470e-02 +4.2519185310e-03
+1.5117076250e-02 +4.4800521600e-03
+1.5407637210e-02 +4.6980828820e-03
+1.5686968880e-02 +4.9062848240e-03
+1.5955547240e-02 +5.1042369520e-03
+1.6213631560e-02 +5.2918048500e-03
+1.6461130370e-02 +5.4693370590e-03
+1.6697724740e-02 +5.6375189440e-03
+1.6923852850e-02 +5.7959710350e-03
+1.7139013000e-02 +5.9456784370e-03
+1.7344450290e-02 +6.0850768370e-03
+1.7539374800e-02 +6.2155819010e-03
+1.7723369720e-02 +6.3381021650e-03
+1.7897441810e-02 +6.4514084760e-03
