+1.1307371850e+00 -1.4093948900e-01
+1.1306871860e+00 -1.4102609170e-01
+1.1306170400e+00 -1.4114758780e-01
+1.1305067290e+00 -1.4133865410e-01
+1.1303495920e+00 -1.4161082480e-01
+1.1301421610e+00 -1.4197010920e-01
+1.1298865840e+00 -1.4241278450e-01
+1.1295924450e+00 -1.4292225150e-01
+1.1292766930e+00 -1.4346915480e-01
+1.1289609400e+00 -1.4401605810e-01
+1.1286668020e+00 -1.4452552510e-01
+1.1284112250e+00 -1.4496820050e-01
+1.1282037930e+00 -1.4532748490e-01
+1.1280466570e+00 -1.4559965560e-01
+1.1279363450e+00 -1.4579072190e-01
+1.1278662000e+00 -1.4591221800e-01
+1.1278162000e+00 -1.4599882070e-01
+1.1276636760e+00 -1.4586945190e-01
+1.1275016340e+00 -1.4573200810e-01
+1.1273219780e+00 -1.4557962050e-01
+1.1271242870e+00 -1.4541192980e-01
+1.1269081360e+00 -1.4522857430e-01
+1.1266731000e+00 -1.4502919010e-01
+1.1264187510e+00 -1.4481341130e-01
+1.1261446610e+00 -1.4458087040e-01
+1.1258504020e+00 -1.4433119860e-01
+1.1255355440e+00 -1.4406402610e-01
+1.1251996610e+00 -1.4377898240e-01
+1.1248423260e+00 -1.4347569690e-01
+1.1244631160e+00 -1.4315379890e-01
+1.1240616090e+00 -1.4281291810e-01
+1.1236373850e+00 -1.4245268880e-01
+1.1231900000e+00 -1.4207277180e-01
+1.1227190020e+00 -1.4167286160e-01
+1.1222239260e+00 -1.4125266610e-01
+1.1217042980e+00 -1.4081191660e-01
+1.1211596330e+00 -1.4035036980e-01
+1.1205894360e+00 -1.3986781100e-01
+1.1199931950e+00 -1.3936405870e-01
+1.1193703870e+00 -1.3883896980e-01
+1.1187204650e+00 -1.3829243470e-01
+1.1180428840e+00 -1.3772438230e-01
+1.1173370840e+00 -1.3713477650e-01
+1.1166024820e+00 -1.3652363360e-01
+1.1158384790e+00 -1.3589102520e-01
+1.1150444500e+00 -1.3523708420e-01
+1.1142197460e+00 -1.3456201070e-01
+1.1133636930e+00 -1.3386607810e-01
+1.1124755900e+00 -1.3314963570e-01
+1.1115548620e+00 -1.3241292470e-01
+1.1106011700e+00 -1.3165593670e-01
+1.1096142390e+00 -1.3087863030e-01
+1.1085938390e+00 -1.3008094800e-01
+1.1075397940e+00 -1.2926281190e-01
+1.1064519850e+00 -1.2842412050e-01
+1.1053303530e+00 -1.2756474360e-01
+1.1041749050e+00 -1.2668451930e-01
+1.1029856310e+00 -1.2578336110e-01
+1.1017624100e+00 -1.2486138620e-01
+1.1005051420e+00 -1.2391874960e-01
+1.0992137640e+00 -1.2295562070e-01
+1.0978882540e+00 -1.2197218250e-01
+1.0965286300e+00 -1.2096863080e-01
+1.0951349510e+00 -1.1994517060e-01
+1.0937073320e+00 -1.1890203410e-01
+1.0922458160e+00 -1.1783957820e-01
+1.0907504040e+00 -1.1675833020e-01
+1.0892211120e+00 -1.1565886560e-01
+1.0876579850e+00 -1.1454180550e-01
+1.0860610940e+00 -1.1340781760e-01
+1.0844305400e+00 -1.1225761630e-01
+1.0827664500e+00 -1.1109196240e-01
+1.0810689780e+00 -1.0991166910e-01
+1.0793382960e+00 -1.0871762450e-01
+1.0775745850e+00 -1.0751076280e-01
+1.0757780800e+00 -1.0629207950e-01
+1.0739490340e+00 -1.0506261330e-01
+1.0720877270e+00 -1.0382344460e-01
+1.0701944880e+00 -1.0257570910e-01
+1.0682696770e+00 -1.0132055470e-01
+1.0663138270e+00 -1.0005899350e-01
+1.0643275640e+00 -9.8791960940e-02
+1.0623115640e+00 -9.7520406520e-02
+1.0602665490e+00 -9.6245290570e-02
+1.0581932850e+00 -9.4967582140e-02
+1.0560925860e+00 -9.3688256750e-02
+1.0539653190e+00 -9.2408275400e-02
+1.0518125450e+00 -9.1128348540e-02
+1.0496354790e+00 -8.9848988830e-02
+1.0474353830e+00 -8.8570676200e-02
+1.0452135650e+00 -8.7293860940e-02
+1.0429713730e+00 -8.6018963870e-02
+1.0407101970e+00 -8.4746378040e-02
+1.0384314420e+00 -8.3476468700e-02
+1.0361364800e+00 -8.2209741000e-02
+1.0338266190e+00 -8.0946809860e-02
+1.0315031930e+00 -7.9688277930e-02
+1.0291675580e+00 -7.8434728530e-02
+1.0268210870e+00 -7.7186725060e-02
+1.0244651700e+00 -7.5944809940e-02
+1.0221012090e+00 -7.4709510060e-02
+1.0197305620e+00 -7.3481439280e-02
+1.0173545240e+00 -7.2261309940e-02
+1.0149743980e+00 -7.1049825450e-02
+1.0125914920e+00 -6.9847666750e-02
+1.0102071120e+00 -6.8655492290e-02
+1.0078225650e+00 -6.7473936910e-02
+1.0054391550e+00 -6.6303611050e-02
+1.0030581920e+00 -6.5145063020e-02
+1.0006810190e+00 -6.3998749720e-02
+9.9830896140e-01 -6.2865092950e-02
+9.9594333400e-01 -6.1744489740e-02
+9.9358543400e-01 -6.0637312960e-02
+9.9123652930e-01 -5.9543906070e-02
+9.8889788080e-01 -5.8464594720e-02
+9.8657071650e-01 -5.7399669120e-02
+9.8425625620e-01 -5.6349359670e-02
+9.8195569760e-01 -5.5313861010e-02
+9.7967020620e-01 -5.4293346410e-02
+9.7740091370e-01 -5.3287968730e-02
+9.7514891670e-01 -5.2297861170e-02
+9.7291527520e-01 -5.1323138010e-02
+9.7070101190e-01 -5.0363895500e-02
+9.6850710690e-01 -4.9420216450e-02
+9.6633449800e-01 -4.8492179370e-02
+9.6418408070e-01 -4.7579846700e-02
+9.6205671010e-01 -4.6683264650e-02
+9.5995319980e-01 -4.5802463660e-02
+9.5787432200e-01 -4.4937459170e-02
+9.5582080650e-01 -4.4088252310e-02
+9.5379334010e-01 -4.3254830080e-02
+9.5179256650e-01 -4.2437180800e-02
+9.4981906330e-01 -4.1635320150e-02
+9.4787336890e-01 -4.0849259010e-02
+9.4595598150e-01 -4.0078991310e-02
+9.4406736020e-01 -3.9324495160e-02
+9.4220792540e-01 -3.8585733580e-02
+9.4037805970e-01 -3.7862655160e-02
+9.3857810780e-01 -3.7155194800e-02
+9.3680837750e-01 -3.6463274040e-02
+9.3506915180e-01 -3.5786772960e-02
+9.3336069610e-01 -3.5125511860e-02
+9.3168323970e-01 -3.4479303340e-02
+9.3003697370e-01 -3.3847958500e-02
+9.2842205270e-01 -3.3231287200e-02
+9.2683859580e-01 -3.2629098380e-02
+9.2528668750e-01 -3.2041200310e-02
+9.2376637930e-01 -3.1467400830e-02
+9.2227769070e-01 -3.0907507500e-02
+9.2082060740e-01 -3.0361335720e-02
+9.1939504050e-01 -2.9828822140e-02
+9.1800084420e-01 -2.9309981600e-02
+9.1663785620e-01 -2.8804803490e-02
+9.1530589890e-01 -2.8313250760e-02
+9.1400478050e-01 -2.7835261880e-02
+9.1273429460e-01 -2.7370752500e-02
+9.1149422140e-01 -2.6919617590e-02
+9.1028432770e-01 -2.6481732960e-02
+9.0910436800e-01 -2.6056957040e-02
+9.0795408420e-01 -2.5645132480e-02
+9.0683321160e-01 -2.5246073420e-02
+9.0574167700e-01 -2.4859010130e-02
+9.0467962250e-01 -2.4482515780e-02
+9.0364712420e-01 -2.4115306770e-02
+9.0264418580e-01 -2.3756287240e-02
+9.0167074310e-01 -2.3404532210e-02
+9.0072667180e-01 -2.3059273080e-02
+8.9981179920e-01 -2.2719885050e-02
+8.9892590110e-01 -2.2385870400e-02
+8.9806871250e-01 -2.2056847320e-02
+8.9723992970e-01 -2.1732536730e-02
+8.9643921310e-01 -2.1412750070e-02
+8.9566619290e-01 -2.1097379000e-02
+8.9492046540e-01 -2.0786382010e-02
+8.9420160790e-01 -2.0479774710e-02
+8.9350922880e-01 -2.0177488760e-02
+8.9283378870e-01 -1.9875203280e-02
+8.9218902120e-01 -1.9579072180e-02
+8.9154180680e-01 -1.9273608790e-02
+8.9089278880e-01 -1.8958225860e-02
+8.9024265430e-01 -1.8632326890e-02
+8.8959213680e-01 -1.8295309670e-02
+8.8894201750e-01 -1.7946570540e-02
+8.8829312720e-01 -1.7585509360e-02
+8.8764634670e-01 -1.7211535240e-02
+8.8700261010e-01 -1.6824075090e-02
+8.8636289440e-01 -1.6422575290e-02
+8.8572823050e-01 -1.6006517930e-02
+8.8509969940e-01 -1.5575430090e-02
+8.8447841750e-01 -1.5128887300e-02
+8.8386545710e-01 -1.4666639450e-02
+8.8326143100e-01 -1.4189114250e-02
+8.8266675260e-01 -1.3696988190e-02
+8.8208179690e-01 -1.3190959330e-02
+8.8150690150e-01 -1.2671742600e-02
+8.8094237050e-01 -1.2140067730e-02
+8.8038846760e-01 -1.1596668010e-02
+8.7984542940e-01 -1.1042286870e-02
+8.7931346050e-01 -1.0477669410e-02
+8.7879273600e-01 -9.9035595120e-03
+8.7828340840e-01 -9.3207034390e-03
+8.7778560030e-01 -8.7298373920e-03
+8.7729942010e-01 -8.1316878850e-03
+8.7682532940e-01 -7.5266829020e-03
+8.7636433470e-01 -6.9148456850e-03
+8.7591748430e-01 -6.2962255970e-03
+8.7548581650e-01 -5.6709403640e-03
+8.7507035110e-01 -5.0391816270e-03
+8.7467207910e-01 -4.4012197310e-03
+8.7429195080e-01 -3.7574084100e-03
+8.7393086260e-01 -3.1081858960e-03
+8.7358964880e-01 -2.4540876470e-03
+8.7326905610e-01 -1.7957252990e-03
+8.7296976390e-01 -1.1337962590e-03
+8.7269264390e-01 -4.6894958900e-04
+8.7243874140e-01 +1.9817020330e-04
+8.7220910490e-01 +8.6683374450e-04
+8.7200476560e-01 +1.5362164560e-03
+8.7182671630e-01 +2.2053913380e-03
+8.7167588820e-01 +2.8733135810e-03
+8.7155311830e-01 +3.5388264880e-03
+8.7145911780e-01 +4.2006504190e-03
+8.7139443270e-01 +4.8574006720e-03
+8.7135922560e-01 +5.5075882970e-03
+8.7135272370e-01 +6.1496662530e-03
+8.7137391060e-01 +6.7821608980e-03
+8.7142174890e-01 +7.4036910590e-03
+8.7149517530e-01 +8.0129606680e-03
+8.7159295930e-01 +8.6087820130e-03
+8.7171344440e-01 +9.1901495870e-03
+8.7185492330e-01 +9.7562135790e-03
+8.7201572950e-01 +1.0306260150e-02
+8.7219424280e-01 +1.0839697640e-02
+8.7238889270e-01 +1.1356047790e-02
+8.7259815530e-01 +1.1854937880e-02
+8.7282056970e-01 +1.2336085430e-02
+8.7305474310e-01 +1.2799288700e-02
+8.7329934510e-01 +1.3244416700e-02
+8.7355482580e-01 +1.3674191200e-02
+8.7382376580e-01 +1.4098036110e-02
+8.7410692720e-01 +1.4512515810e-02
+8.7440383820e-01 +1.4917260290e-02
+8.7471404570e-01 +1.5311906030e-02
+8.7503711660e-01 +1.5696093290e-02
+8.7537263450e-01 +1.6069460000e-02
+8.7572019630e-01 +1.6431642210e-02
+8.7607939290e-01 +1.6782288840e-02
+8.7644981170e-01 +1.7121059130e-02
+8.7683104040e-01 +1.7447616800e-02
+8.7722266730e-01 +1.7761629200e-02
+8.7762427960e-01 +1.8062765360e-02
+8.7803379930e-01 +1.8349596310e-02
+8.7845081570e-01 +1.8622334950e-02
+8.7887424850e-01 +1.8880930730e-02
+8.7930352300e-01 +1.9125670790e-02
+8.7973811390e-01 +1.9356841920e-02
+8.8017753980e-01 +1.9574724480e-02
+8.8062136250e-01 +1.9779589550e-02
+8.8106916120e-01 +1.9971747340e-02
+8.8152050630e-01 +2.0151617740e-02
+8.8197500330e-01 +2.0319639280e-02
+8.8243229750e-01 +2.0476250260e-02
+8.8289207430e-01 +2.0621885420e-02
+8.8335405500e-01 +2.0756971960e-02
+8.8381799470e-01 +2.0881927110e-02
+8.8428368440e-01 +2.0997144140e-02
+8.8475094940e-01 +2.1102979900e-02
+8.8521963580e-01 +2.1199784290e-02
+8.8568962170e-01 +2.1287905800e-02
+8.8616079120e-01 +2.1367685280e-02
+8.8663305740e-01 +2.1439459490e-02
+8.8710634940e-01 +2.1503558040e-02
+8.8758061410e-01 +2.1560301690e-02
+8.8805581900e-01 +2.1609961600e-02
+8.8853194870e-01 +2.1652758210e-02
+8.8900899860e-01 +2.1688906570e-02
+8.8948697370e-01 +2.1718618480e-02
+8.8996588940e-01 +2.1742102220e-02
+8.9044576940e-01 +2.1759562310e-02
+8.9092664670e-01 +2.1771199510e-02
+8.9140856270e-01 +2.1777210760e-02
+8.9205855650e-01 +2.1776731760e-02
+8.9271922470e-01 +2.1766507070e-02
+8.9339765890e-01 +2.1746190900e-02
+8.9409394710e-01 +2.1715423040e-02
+8.9480817860e-01 +2.1673879300e-02
+8.9554043500e-01 +2.1621276150e-02
+8.9629080270e-01 +2.1557369170e-02
+8.9705936120e-01 +2.1481869410e-02
+8.9784618600e-01 +2.1394448520e-02
+8.9865133370e-01 +2.1294814840e-02
+8.9947490030e-01 +2.1182712620e-02
+9.0031694220e-01 +2.1057936190e-02
+9.0117754890e-01 +2.0920319740e-02
+9.0205679060e-01 +2.0769649100e-02
+9.0295473140e-01 +2.0605656590e-02
+9.0387141800e-01 +2.0428112080e-02
+9.0480693350e-01 +2.0236819910e-02
+9.0576133580e-01 +2.0031634610e-02
+9.0673470160e-01 +1.9812437650e-02
+9.0772708850e-01 +1.9579022300e-02
+9.0873853410e-01 +1.9331158680e-02
+9.0976908000e-01 +1.9068650290e-02
+9.1081877740e-01 +1.8791335850e-02
+9.1188767170e-01 +1.8499095390e-02
+9.1297579440e-01 +1.8191774920e-02
+9.1408316100e-01 +1.7869122720e-02
+9.1520975750e-01 +1.7530907480e-02
+9.1635558830e-01 +1.7176918920e-02
+9.1752064220e-01 +1.6806980190e-02
+9.1870491310e-01 +1.6420913180e-02
+9.1990834080e-01 +1.6018466490e-02
+9.2113086880e-01 +1.5599377480e-02
+9.2237242940e-01 +1.5163405620e-02
+9.2363294350e-01 +1.4710334400e-02
+9.2491233090e-01 +1.4239958810e-02
+9.2621047920e-01 +1.3752046460e-02
+9.2752727170e-01 +1.3246363110e-02
+9.2886258110e-01 +1.2722696270e-02
+9.3021626780e-01 +1.2180857420e-02
+9.3158819220e-01 +1.1620675020e-02
+9.3297819390e-01 +1.1041988200e-02
+9.3438611320e-01 +1.0444651470e-02
+9.3581177560e-01 +9.8285484570e-03
+9.3725501640e-01 +9.1935828590e-03
+9.3871565160e-01 +8.5396854390e-03
+9.4019348880e-01 +7.8667944840e-03
+9.4168833030e-01 +7.1748727240e-03
+9.4319997500e-01 +6.4639121400e-03
+9.4472821900e-01 +5.7339340250e-03
+9.4627283120e-01 +4.9849380900e-03
+9.4783353650e-01 +4.2168717730e-03
+9.4941004880e-01 +3.4296995330e-03
+9.5100207460e-01 +2.6234099220e-03
+9.5260931270e-01 +1.7980163570e-03
+9.5423145590e-01 +9.5355747790e-04
+9.5586819050e-01 +9.0098185960e-05
+9.5751919730e-01 -7.9227009490e-04
+9.5918415190e-01 -1.6934289810e-03
+9.6086270540e-01 -2.6132689670e-03
+9.6255445480e-01 -3.5517413230e-03
+9.6425898100e-01 -4.5087878240e-03
+9.6597585490e-01 -5.4843283010e-03
+9.6770463840e-01 -6.4782602430e-03
+9.6944488510e-01 -7.4904585820e-03
+9.7119614030e-01 -8.5207752550e-03
+9.7295794170e-01 -9.5690390900e-03
+9.7472981980e-01 -1.0635055810e-02
+9.7651129150e-01 -1.1718619340e-02
+9.7830185610e-01 -1.2819518780e-02
+9.8010100520e-01 -1.3937522190e-02
+9.8190822430e-01 -1.5072375010e-02
+9.8372299340e-01 -1.6223800100e-02
+9.8554478760e-01 -1.7391497900e-02
+9.8737307740e-01 -1.8575146470e-02
+9.8920732970e-01 -1.9774401810e-02
+9.9104699850e-01 -2.0988912120e-02
+9.9289144170e-01 -2.2218444110e-02
+9.9473995590e-01 -2.3462826820e-02
+9.9659182740e-01 -2.4721874270e-02
+9.9844633400e-01 -2.5995384270e-02
+1.0003027460e+00 -2.7283138160e-02
+1.0021603270e+00 -2.8584900630e-02
+1.0040183340e+00 -2.9900419470e-02
+1.0058760220e+00 -3.1229424360e-02
+1.0077327320e+00 -3.2571499880e-02
+1.0095879870e+00 -3.3925967900e-02
+1.0114413370e+00 -3.5292104040e-02
+1.0132923410e+00 -3.6669166380e-02
+1.0151405670e+00 -3.8056397300e-02
+1.0169855900e+00 -3.9453024260e-02
+1.0188269940e+00 -4.0858261740e-02
+1.0206643720e+00 -4.2271312620e-02
+1.0224973540e+00 -4.3691330590e-02
+1.0243257510e+00 -4.5117242910e-02
+1.0261494400e+00 -4.6547895920e-02
+1.0279683090e+00 -4.7982133410e-02
+1.0297822540e+00 -4.9418799020e-02
+1.0315911730e+00 -5.0856738520e-02
+1.0333949720e+00 -5.2294802020e-02
+1.0351935560e+00 -5.3731846210e-02
+1.0369868060e+00 -5.5166765550e-02
+1.0387741850e+00 -5.6598989290e-02
+1.0405547930e+00 -5.8028402690e-02
+1.0423277300e+00 -5.9454899540e-02
+1.0440921090e+00 -6.0878365850e-02
+1.0458470530e+00 -6.2298679710e-02
+1.0475917050e+00 -6.3715709530e-02
+1.0493252200e+00 -6.5129314070e-02
+1.0510467740e+00 -6.6539341210e-02
+1.0527556250e+00 -6.7945547890e-02
+1.0544511960e+00 -6.9347507700e-02
+1.0561329440e+00 -7.0744770230e-02
+1.0578003430e+00 -7.2136885820e-02
+1.0594528800e+00 -7.3523405980e-02
+1.0610900620e+00 -7.4903883960e-02
+1.0627114100e+00 -7.6277875170e-02
+1.0643164630e+00 -7.7644936720e-02
+1.0659047840e+00 -7.9004632740e-02
+1.0674759560e+00 -8.0356511640e-02
+1.0690295870e+00 -8.1700126250e-02
+1.0705653030e+00 -8.3035034750e-02
+1.0720827520e+00 -8.4360801960e-02
+1.0735815970e+00 -8.5676999760e-02
+1.0750615230e+00 -8.6983210510e-02
+1.0765222260e+00 -8.8279015320e-02
+1.0779634270e+00 -8.9564011180e-02
+1.0793848490e+00 -9.0837817380e-02
+1.0807862010e+00 -9.2100099060e-02
+1.0821672090e+00 -9.3350531630e-02
+1.0835276220e+00 -9.4588796130e-02
+1.0848672070e+00 -9.5814579490e-02
+1.0861857570e+00 -9.7027575050e-02
+1.0874830820e+00 -9.8227482850e-02
+1.0887590160e+00 -9.9414010350e-02
+1.0900134120e+00 -1.0058687190e-01
+1.0912461690e+00 -1.0174576190e-01
+1.0924572390e+00 -1.0289035200e-01
+1.0936465930e+00 -1.0402032320e-01
+1.0948142140e+00 -1.0513537260e-01
+1.0959600970e+00 -1.0623521290e-01
+1.0970842550e+00 -1.0731957210e-01
+1.0981867090e+00 -1.0838819380e-01
+1.0992674970e+00 -1.0944083740e-01
+1.1003266650e+00 -1.1047727660e-01
+1.1013643430e+00 -1.1149723360e-01
+1.1023807950e+00 -1.1250031550e-01
+1.1033762940e+00 -1.1348615360e-01
+1.1043511010e+00 -1.1445441770e-01
+1.1053054650e+00 -1.1540481560e-01
+1.1062396250e+00 -1.1633709130e-01
+1.1071538090e+00 -1.1725102340e-01
+1.1080482360e+00 -1.1814642360e-01
+1.1089231140e+00 -1.1902313460e-01
+1.1097786400e+00 -1.1988103740e-01
+1.1106149500e+00 -1.2072008880e-01
+1.1114321510e+00 -1.2154029590e-01
+1.1122303560e+00 -1.2234168040e-01
+1.1130096830e+00 -1.2312427860e-01
+1.1137702520e+00 -1.2388814050e-01
+1.1145121880e+00 -1.2463332930e-01
+1.1152356200e+00 -1.2535992050e-01
+1.1159406850e+00 -1.2606800370e-01
+1.1166275140e+00 -1.2675767260e-01
+1.1172962500e+00 -1.2742904410e-01
+1.1179470060e+00 -1.2808226860e-01
+1.1185798950e+00 -1.2871751400e-01
+1.1191950360e+00 -1.2933495030e-01
+1.1197925620e+00 -1.2993475020e-01
+1.1203726130e+00 -1.3051708830e-01
+1.1209353370e+00 -1.3108214180e-01
+1.1214808920e+00 -1.3163009000e-01
+1.1220094430e+00 -1.3216111470e-01
+1.1225211610e+00 -1.3267539960e-01
+1.1230162240e+00 -1.3317313060e-01
+1.1234948270e+00 -1.3365448550e-01
+1.1239571810e+00 -1.3411963280e-01
+1.1244034980e+00 -1.3456874650e-01
+1.1248339900e+00 -1.3500200680e-01
+1.1252488710e+00 -1.3541959930e-01
+1.1256483540e+00 -1.3582171480e-01
+1.1260326510e+00 -1.3620854860e-01
+1.1264019750e+00 -1.3658030030e-01
+1.1267565410e+00 -1.3693717280e-01
+1.1270965610e+00 -1.3727937230e-01
+1.1274222500e+00 -1.3760710800e-01
+1.1277338170e+00 -1.3792059440e-01
+1.1280314710e+00 -1.3822005000e-01
+1.1283154230e+00 -1.3850569330e-01
+1.1285858830e+00 -1.3877774300e-01
+1.1288430650e+00 -1.3903641790e-01
+1.1290871830e+00 -1.3928193320e-01
+1.1293184590e+00 -1.3951449920e-01
+1.1295371130e+00 -1.3973432770e-01
+1.1297433620e+00 -1.3994163250e-01
+1.1299374200e+00 -1.4013662860e-01
+1.1301195010e+00 -1.4031953190e-01
+1.1302898160e+00 -1.4049055880e-01
+1.1304485740e+00 -1.4064992540e-01
+1.1305959840e+00 -1.4079784790e-01
