9.400000 0.200000
9.402000 0.200000
9.404000 0.200000
9.406000 0.200000
9.408000 0.200000
9.410000 0.200000
9.412000 0.200000
9.414000 0.200000
9.416000 0.200000
9.418000 0.200000
9.420000 0.200000
9.422000 0.200000
9.424000 0.200000
9.426000 0.200000
9.428000 0.200000
9.430000 0.200000
9.432000 0.200000
9.434000 0.200000
9.436000 0.200000
9.438000 0.200000
9.440000 0.200000
9.442000 0.200000
9.444000 0.200000
9.446000 0.200000
9.448000 0.200000
9.450000 0.200000
9.452000 0.200000
9.454000 0.200000
9.456000 0.200000
9.458000 0.200000
9.460000 0.200000
9.462000 0.200000
9.464000 0.200000
9.466000 0.200000
9.468000 0.200000
9.470000 0.200000
9.472000 0.200000
9.474000 0.200000
9.476000 0.200000
9.478000 0.200000
9.480000 0.200000
9.482000 0.200000
9.484000 0.200000
9.486000 0.200000
9.488000 0.200000
9.490000 0.200000
9.492000 0.200000
9.494000 0.200000
9.496000 0.200000
9.498000 0.200000
9.500000 0.200000
9.502000 0.200000
9.504000 0.200000
9.506000 0.200000
9.508000 0.200000
9.510000 0.200000
9.512000 0.200000
9.514000 0.200000
9.516000 0.200000
9.518000 0.200000
9.520000 0.200000
9.522000 0.200000
9.524000 0.200000
9.526000 0.200000
9.528000 0.200000
9.530000 0.200000
9.532000 0.200000
9.534000 0.200000
9.536000 0.200000
9.538000 0.200000
9.540000 0.200000
9.542000 0.200000
9.544000 0.200000
9.546000 0.200000
9.548000 0.200000
9.550000 0.200000
9.552000 0.200000
9.554000 0.200000
9.556000 0.200000
9.558000 0.200000
9.560000 0.200000
9.562000 0.200000
9.564000 0.200000
9.566000 0.200000
9.568000 0.200000
9.570000 0.200000
9.572000 0.200000
9.574000 0.200000
9.576000 0.200000
9.578000 0.200000
9.580000 0.200000
9.582000 0.200000
9.584000 0.200000
9.586000 0.200000
9.588000 0.200000
9.590000 0.200000
9.592000 0.200000
9.594000 0.200000
9.596000 0.200000
9.598000 0.200000
9.600000 0.200000
9.602000 0.200000
9.604000 0.200000
9.606000 0.200000
9.608000 0.200000
9.610000 0.200000
9.612000 0.200000
9.614000 0.200000
9.616000 0.200000
9.618000 0.200000
9.620000 0.200000
9.622000 0.200000
9.624000 0.200000
9.626000 0.200000
9.628000 0.200000
9.630000 0.200000
9.632000 0.200000
9.634000 0.200000
9.636000 0.200000
9.638000 0.200000
9.640000 0.200000
9.642000 0.200000
9.644000 0.200000
9.646000 0.200000
9.648000 0.200000
9.650000 0.200000
9.652000 0.200000
9.654000 0.200000
9.656000 0.200000
9.658000 0.200000
9.660000 0.200000
9.662000 0.200000
9.664000 0.200000
9.666000 0.200000
9.668000 0.200000
9.670000 0.200000
9.672000 0.200000
9.674000 0.200000
9.676000 0.200000
9.678000 0.200000
9.680000 0.200000
9.682000 0.200000
9.684000 0.200000
9.686000 0.200000
9.688000 0.200000
9.690000 0.200000
9.692000 0.200000
9.694000 0.200000
9.696000 0.200000
9.698000 0.200000
9.700000 0.200000
9.702000 0.200000
9.704000 0.200000
9.706000 0.200000
9.708000 0.200000
9.710000 0.200000
9.712000 0.200000
9.714000 0.200000
9.716000 0.200000
9.718000 0.200000
9.720000 0.200000
9.722000 0.200000
9.724000 0.200000
9.726000 0.200000
9.728000 0.200000
9.730000 0.200000
9.732000 0.200000
9.734000 0.200000
9.736000 0.200000
9.738000 0.200000
9.740000 0.200000
9.742000 0.200000
9.744000 0.200000
9.746000 0.200000
9.748000 0.200000
9.750000 0.200000
9.752000 0.200000
9.754000 0.200000
9.756000 0.200000
9.758000 0.200000
9.760000 0.200000
9.762000 0.200000
9.764000 0.200000
9.766000 0.200000
9.768000 0.200000
9.770000 0.200000
9.772000 0.200000
9.774000 0.200000
9.776000 0.200000
9.778000 0.200000
9.780000 0.200000
9.782000 0.200000
9.784000 0.200000
9.786000 0.200000
9.788000 0.200000
9.790000 0.200000
9.792000 0.200000
9.794000 0.200000
9.796000 0.200000
9.798000 0.200000
9.800000 0.200000
9.802000 0.200000
9.804000 0.200000
9.806000 0.200000
9.808000 0.200000
9.810000 0.200000
9.812000 0.200000
9.814000 0.200000
9.816000 0.200000
9.818000 0.200000
9.820000 0.200000
9.822000 0.200000
9.824000 0.200000
9.826000 0.200000
9.828000 0.200000
9.830000 0.200000
9.832000 0.200000
9.834000 0.200000
9.836000 0.200000
9.838000 0.200000
9.840000 0.200000
9.842000 0.200000
9.844000 0.200000
9.846000 0.200000
9.848000 0.200000
9.850000 0.200000
9.852000 0.200000
9.854000 0.200000
9.856000 0.200000
9.858000 0.200000
9.860000 0.200000
9.862000 0.200000
9.864000 0.200000
9.866000 0.200000
9.868000 0.200000
9.870000 0.200000
9.872000 0.200000
9.874000 0.200000
9.876000 0.200000
9.878000 0.200000
9.880000 0.200000
9.882000 0.200000
9.884000 0.200000
9.886000 0.200000
9.888000 0.200000
9.890000 0.200000
9.892000 0.200000
9.894000 0.200000
9.896000 0.200000
9.898000 0.200000
9.900000 0.200000
9.902000 0.200000
9.904000 0.200000
9.906000 0.200000
9.908000 0.200000
9.910000 0.200000
9.912000 0.200000
9.914000 0.200000
9.916000 0.200000
9.918000 0.200000
9.920000 0.200000
9.922000 0.200000
9.924000 0.200000
9.926000 0.200000
9.928000 0.200000
9.930000 0.200000
9.932000 0.200000
9.934000 0.200000
9.936000 0.200000
9.938000 0.200000
9.940000 0.200000
9.942000 0.200000
9.944000 0.200000
9.946000 0.200000
9.948000 0.200000
9.950000 0.200000
9.952000 0.200000
9.954000 0.200000
9.956000 0.200000
9.958000 0.200000
9.960000 0.200000
9.962000 0.200000
9.964000 0.200000
9.966000 0.200000
9.968000 0.200000
9.970000 0.200000
9.972000 0.200000
9.974000 0.200000
9.976000 0.200000
9.978000 0.200000
9.980000 0.200000
9.982000 0.200000
9.984000 0.200000
9.986000 0.200000
9.988000 0.200000
9.990000 0.200000
9.992000 0.200000
9.994000 0.200000
9.996000 0.200000
9.998000 0.200000
10.000000 0.200000
10.000000 0.202000
10.000000 0.204000
10.000000 0.206000
10.000000 0.208000
10.000000 0.210000
10.000000 0.212000
10.000000 0.214000
10.000000 0.216000
10.000000 0.218000
10.000000 0.220000
10.000000 0.222000
10.000000 0.224000
10.000000 0.226000
10.000000 0.228000
10.000000 0.230000
10.000000 0.232000
10.000000 0.234000
10.000000 0.236000
10.000000 0.238000
10.000000 0.240000
10.000000 0.242000
10.000000 0.244000
10.000000 0.246000
10.000000 0.248000
10.000000 0.250000
10.000000 0.252000
10.000000 0.254000
10.000000 0.256000
10.000000 0.258000
10.000000 0.260000
10.000000 0.262000
10.000000 0.264000
10.000000 0.266000
10.000000 0.268000
10.000000 0.270000
10.000000 0.272000
10.000000 0.274000
10.000000 0.276000
10.000000 0.278000
10.000000 0.280000
10.000000 0.282000
10.000000 0.284000
10.000000 0.286000
10.000000 0.288000
10.000000 0.290000
10.000000 0.292000
10.000000 0.294000
10.000000 0.296000
10.000000 0.298000
10.000000 0.300000
10.000000 0.302000
10.000000 0.304000
10.000000 0.306000
10.000000 0.308000
10.000000 0.310000
10.000000 0.312000
10.000000 0.314000
10.000000 0.316000
10.000000 0.318000
10.000000 0.320000
10.000000 0.322000
10.000000 0.324000
10.000000 0.326000
10.000000 0.328000
10.000000 0.330000
10.000000 0.332000
10.000000 0.334000
10.000000 0.336000
10.000000 0.338000
10.000000 0.340000
10.000000 0.342000
10.000000 0.344000
10.000000 0.346000
10.000000 0.348000
10.000000 0.350000
10.000000 0.352000
10.000000 0.354000
10.000000 0.356000
10.000000 0.358000
10.000000 0.360000
10.000000 0.362000
10.000000 0.364000
10.000000 0.366000
10.000000 0.368000
10.000000 0.370000
10.000000 0.372000
10.000000 0.374000
10.000000 0.376000
10.000000 0.378000
10.000000 0.380000
10.000000 0.382000
10.000000 0.384000
10.000000 0.386000
10.000000 0.388000
10.000000 0.390000
10.000000 0.392000
10.000000 0.394000
10.000000 0.396000
10.000000 0.398000
10.000000 0.400000
10.000000 0.402000
10.000000 0.404000
10.000000 0.406000
10.000000 0.408000
10.000000 0.410000
10.000000 0.412000
10.000000 0.414000
10.000000 0.416000
10.000000 0.418000
10.000000 0.420000
10.000000 0.422000
10.000000 0.424000
10.000000 0.426000
10.000000 0.428000
10.000000 0.430000
10.000000 0.432000
10.000000 0.434000
10.000000 0.436000
10.000000 0.438000
10.000000 0.440000
10.000000 0.442000
10.000000 0.444000
10.000000 0.446000
10.000000 0.448000
10.000000 0.450000
10.000000 0.452000
10.000000 0.454000
10.000000 0.456000
10.000000 0.458000
10.000000 0.460000
10.000000 0.462000
10.000000 0.464000
10.000000 0.466000
10.000000 0.468000
10.000000 0.470000
10.000000 0.472000
10.000000 0.474000
10.000000 0.476000
10.000000 0.478000
10.000000 0.480000
10.000000 0.482000
10.000000 0.484000
10.000000 0.486000
10.000000 0.488000
10.000000 0.490000
10.000000 0.492000
10.000000 0.494000
10.000000 0.496000
10.000000 0.498000
10.000000 0.500000
10.000000 0.502000
10.000000 0.504000
10.000000 0.506000
10.000000 0.508000
10.000000 0.510000
10.000000 0.512000
10.000000 0.514000
10.000000 0.516000
10.000000 0.518000
10.000000 0.520000
10.000000 0.522000
10.000000 0.524000
10.000000 0.526000
10.000000 0.528000
10.000000 0.530000
10.000000 0.532000
10.000000 0.534000
10.000000 0.536000
10.000000 0.538000
10.000000 0.540000
10.000000 0.542000
10.000000 0.544000
10.000000 0.546000
10.000000 0.548000
10.000000 0.550000
9.998000 0.550000
9.996000 0.550000
9.994000 0.550000
9.992000 0.550000
9.990000 0.550000
9.988000 0.550000
9.986000 0.550000
9.984000 0.550000
9.982000 0.550000
9.980000 0.550000
9.978000 0.550000
9.976000 0.550000
9.974000 0.550000
9.972000 0.550000
9.970000 0.550000
9.968000 0.550000
9.966000 0.550000
9.964000 0.550000
9.962000 0.550000
9.960000 0.550000
9.958000 0.550000
9.956000 0.550000
9.954000 0.550000
9.952000 0.550000
9.950000 0.550000
9.948000 0.550000
9.946000 0.550000
9.944000 0.550000
9.942000 0.550000
9.940000 0.550000
9.938000 0.550000
9.936000 0.550000
9.934000 0.550000
9.932000 0.550000
9.930000 0.550000
9.928000 0.550000
9.926000 0.550000
9.924000 0.550000
9.922000 0.550000
9.920000 0.550000
9.918000 0.550000
9.916000 0.550000
9.914000 0.550000
9.912000 0.550000
9.910000 0.550000
9.908000 0.550000
9.906000 0.550000
9.904000 0.550000
9.902000 0.550000
9.900000 0.550000
9.898000 0.550000
9.896000 0.550000
9.894000 0.550000
9.892000 0.550000
9.890000 0.550000
9.888000 0.550000
9.886000 0.550000
9.884000 0.550000
9.882000 0.550000
9.880000 0.550000
9.878000 0.550000
9.876000 0.550000
9.874000 0.550000
9.872000 0.550000
9.870000 0.550000
9.868000 0.550000
9.866000 0.550000
9.864000 0.550000
9.862000 0.550000
9.860000 0.550000
9.858000 0.550000
9.856000 0.550000
9.854000 0.550000
9.852000 0.550000
9.850000 0.550000
9.848000 0.550000
9.846000 0.550000
9.844000 0.550000
9.842000 0.550000
9.840000 0.550000
9.838000 0.550000
9.836000 0.550000
9.834000 0.550000
9.832000 0.550000
9.830000 0.550000
9.828000 0.550000
9.826000 0.550000
9.824000 0.550000
9.822000 0.550000
9.820000 0.550000
9.818000 0.550000
9.816000 0.550000
9.814000 0.550000
9.812000 0.550000
9.810000 0.550000
9.808000 0.550000
9.806000 0.550000
9.804000 0.550000
9.802000 0.550000
9.800000 0.550000
9.798000 0.550000
9.796000 0.550000
9.794000 0.550000
9.792000 0.550000
9.790000 0.550000
9.788000 0.550000
9.786000 0.550000
9.784000 0.550000
9.782000 0.550000
9.780000 0.550000
9.778000 0.550000
9.776000 0.550000
9.774000 0.550000
9.772000 0.550000
9.770000 0.550000
9.768000 0.550000
9.766000 0.550000
9.764000 0.550000
9.762000 0.550000
9.760000 0.550000
9.758000 0.550000
9.756000 0.550000
9.754000 0.550000
9.752000 0.550000
9.750000 0.550000
9.748000 0.550000
9.746000 0.550000
9.744000 0.550000
9.742000 0.550000
9.740000 0.550000
9.738000 0.550000
9.736000 0.550000
9.734000 0.550000
9.732000 0.550000
9.730000 0.550000
9.728000 0.550000
9.726000 0.550000
9.724000 0.550000
9.722000 0.550000
9.720000 0.550000
9.718000 0.550000
9.716000 0.550000
9.714000 0.550000
9.712000 0.550000
9.710000 0.550000
9.708000 0.550000
9.706000 0.550000
9.704000 0.550000
9.702000 0.550000
9.700000 0.550000
9.698000 0.550000
9.696000 0.550000
9.694000 0.550000
9.692000 0.550000
9.690000 0.550000
9.688000 0.550000
9.686000 0.550000
9.684000 0.550000
9.682000 0.550000
9.680000 0.550000
9.678000 0.550000
9.676000 0.550000
9.674000 0.550000
9.672000 0.550000
9.670000 0.550000
9.668000 0.550000
9.666000 0.550000
9.664000 0.550000
9.662000 0.550000
9.660000 0.550000
9.658000 0.550000
9.656000 0.550000
9.654000 0.550000
9.652000 0.550000
9.650000 0.550000
9.648000 0.550000
9.646000 0.550000
9.644000 0.550000
9.642000 0.550000
9.640000 0.550000
9.638000 0.550000
9.636000 0.550000
9.634000 0.550000
9.632000 0.550000
9.630000 0.550000
9.628000 0.550000
9.626000 0.550000
9.624000 0.550000
9.622000 0.550000
9.620000 0.550000
9.618000 0.550000
9.616000 0.550000
9.614000 0.550000
9.612000 0.550000
9.610000 0.550000
9.608000 0.550000
9.606000 0.550000
9.604000 0.550000
9.602000 0.550000
9.600000 0.550000
9.600000 0.552000
9.600000 0.554000
9.600000 0.556000
9.600000 0.558000
9.600000 0.560000
9.600000 0.562000
9.600000 0.564000
9.600000 0.566000
9.600000 0.568000
9.600000 0.570000
9.600000 0.572000
9.600000 0.574000
9.600000 0.576000
9.600000 0.578000
9.600000 0.580000
9.600000 0.582000
9.600000 0.584000
9.600000 0.586000
9.600000 0.588000
9.600000 0.590000
9.600000 0.592000
9.600000 0.594000
9.600000 0.596000
9.600000 0.598000
9.600000 0.600000
9.600000 0.602000
9.600000 0.604000
9.600000 0.606000
9.600000 0.608000
9.600000 0.610000
9.600000 0.612000
9.600000 0.614000
9.600000 0.616000
9.600000 0.618000
9.600000 0.620000
9.600000 0.622000
9.600000 0.624000
9.600000 0.626000
9.600000 0.628000
9.600000 0.630000
9.600000 0.632000
9.600000 0.634000
9.600000 0.636000
9.600000 0.638000
9.600000 0.640000
9.600000 0.642000
9.600000 0.644000
9.600000 0.646000
9.600000 0.648000
9.600000 0.650000
9.602000 0.650000
9.604000 0.650000
9.606000 0.650000
9.608000 0.650000
9.610000 0.650000
9.612000 0.650000
9.614000 0.650000
9.616000 0.650000
9.618000 0.650000
9.620000 0.650000
9.622000 0.650000
9.624000 0.650000
9.626000 0.650000
9.628000 0.650000
9.630000 0.650000
9.632000 0.650000
9.634000 0.650000
9.636000 0.650000
9.638000 0.650000
9.640000 0.650000
9.642000 0.650000
9.644000 0.650000
9.646000 0.650000
9.648000 0.650000
9.650000 0.650000
9.652000 0.650000
9.654000 0.650000
9.656000 0.650000
9.658000 0.650000
9.660000 0.650000
9.662000 0.650000
9.664000 0.650000
9.666000 0.650000
9.668000 0.650000
9.670000 0.650000
9.672000 0.650000
9.674000 0.650000
9.676000 0.650000
9.678000 0.650000
9.680000 0.650000
9.682000 0.650000
9.684000 0.650000
9.686000 0.650000
9.688000 0.650000
9.690000 0.650000
9.692000 0.650000
9.694000 0.650000
9.696000 0.650000
9.698000 0.650000
9.700000 0.650000
9.702000 0.650000
9.704000 0.650000
9.706000 0.650000
9.708000 0.650000
9.710000 0.650000
9.712000 0.650000
9.714000 0.650000
9.716000 0.650000
9.718000 0.650000
9.720000 0.650000
9.722000 0.650000
9.724000 0.650000
9.726000 0.650000
9.728000 0.650000
9.730000 0.650000
9.732000 0.650000
9.734000 0.650000
9.736000 0.650000
9.738000 0.650000
9.740000 0.650000
9.742000 0.650000
9.744000 0.650000
9.746000 0.650000
9.748000 0.650000
9.750000 0.650000
9.752000 0.650000
9.754000 0.650000
9.756000 0.650000
9.758000 0.650000
9.760000 0.650000
9.762000 0.650000
9.764000 0.650000
9.766000 0.650000
9.768000 0.650000
9.770000 0.650000
9.772000 0.650000
9.774000 0.650000
9.776000 0.650000
9.778000 0.650000
9.780000 0.650000
9.782000 0.650000
9.784000 0.650000
9.786000 0.650000
9.788000 0.650000
9.790000 0.650000
9.792000 0.650000
9.794000 0.650000
9.796000 0.650000
9.798000 0.650000
9.800000 0.650000
9.802000 0.650000
9.804000 0.650000
9.806000 0.650000
9.808000 0.650000
9.810000 0.650000
9.812000 0.650000
9.814000 0.650000
9.816000 0.650000
9.818000 0.650000
9.820000 0.650000
9.822000 0.650000
9.824000 0.650000
9.826000 0.650000
9.828000 0.650000
9.830000 0.650000
9.832000 0.650000
9.834000 0.650000
9.836000 0.650000
9.838000 0.650000
9.840000 0.650000
9.842000 0.650000
9.844000 0.650000
9.846000 0.650000
9.848000 0.650000
9.850000 0.650000
9.852000 0.650000
9.854000 0.650000
9.856000 0.650000
9.858000 0.650000
9.860000 0.650000
9.862000 0.650000
9.864000 0.650000
9.866000 0.650000
9.868000 0.650000
9.870000 0.650000
9.872000 0.650000
9.874000 0.650000
9.876000 0.650000
9.878000 0.650000
9.880000 0.650000
9.882000 0.650000
9.884000 0.650000
9.886000 0.650000
9.888000 0.650000
9.890000 0.650000
9.892000 0.650000
9.894000 0.650000
9.896000 0.650000
9.898000 0.650000
9.900000 0.650000
9.902000 0.650000
9.904000 0.650000
9.906000 0.650000
9.908000 0.650000
9.910000 0.650000
9.912000 0.650000
9.914000 0.650000
9.916000 0.650000
9.918000 0.650000
9.920000 0.650000
9.922000 0.650000
9.924000 0.650000
9.926000 0.650000
9.928000 0.650000
9.930000 0.650000
9.932000 0.650000
9.934000 0.650000
9.936000 0.650000
9.938000 0.650000
9.940000 0.650000
9.942000 0.650000
9.944000 0.650000
9.946000 0.650000
9.948000 0.650000
9.950000 0.650000
9.952000 0.650000
9.954000 0.650000
9.956000 0.650000
9.958000 0.650000
9.960000 0.650000
9.962000 0.650000
9.964000 0.650000
9.966000 0.650000
9.968000 0.650000
9.970000 0.650000
9.972000 0.650000
9.974000 0.650000
9.976000 0.650000
9.978000 0.650000
9.980000 0.650000
9.982000 0.650000
9.984000 0.650000
9.986000 0.650000
9.988000 0.650000
9.990000 0.650000
9.992000 0.650000
9.994000 0.650000
9.996000 0.650000
9.998000 0.650000
10.000000 0.650000
10.000000 0.652000
10.000000 0.654000
10.000000 0.656000
10.000000 0.658000
10.000000 0.660000
10.000000 0.662000
10.000000 0.664000
10.000000 0.666000
10.000000 0.668000
10.000000 0.670000
10.000000 0.672000
10.000000 0.674000
10.000000 0.676000
10.000000 0.678000
10.000000 0.680000
10.000000 0.682000
10.000000 0.684000
10.000000 0.686000
10.000000 0.688000
10.000000 0.690000
10.000000 0.692000
10.000000 0.694000
10.000000 0.696000
10.000000 0.698000
10.000000 0.700000
10.000000 0.702000
10.000000 0.704000
10.000000 0.706000
10.000000 0.708000
10.000000 0.710000
10.000000 0.712000
10.000000 0.714000
10.000000 0.716000
10.000000 0.718000
10.000000 0.720000
10.000000 0.722000
10.000000 0.724000
10.000000 0.726000
10.000000 0.728000
10.000000 0.730000
10.000000 0.732000
10.000000 0.734000
10.000000 0.736000
10.000000 0.738000
10.000000 0.740000
10.000000 0.742000
10.000000 0.744000
10.000000 0.746000
10.000000 0.748000
10.000000 0.750000
10.000000 0.752000
10.000000 0.754000
10.000000 0.756000
10.000000 0.758000
10.000000 0.760000
10.000000 0.762000
10.000000 0.764000
10.000000 0.766000
10.000000 0.768000
10.000000 0.770000
10.000000 0.772000
10.000000 0.774000
10.000000 0.776000
10.000000 0.778000
10.000000 0.780000
10.000000 0.782000
10.000000 0.784000
10.000000 0.786000
10.000000 0.788000
10.000000 0.790000
10.000000 0.792000
10.000000 0.794000
10.000000 0.796000
10.000000 0.798000
10.000000 0.800000
9.998000 0.800000
9.996000 0.800000
9.994000 0.800000
9.992000 0.800000
9.990000 0.800000
9.988000 0.800000
9.986000 0.800000
9.984000 0.800000
9.982000 0.800000
9.980000 0.800000
9.978000 0.800000
9.976000 0.800000
9.974000 0.800000
9.972000 0.800000
9.970000 0.800000
9.968000 0.800000
9.966000 0.800000
9.964000 0.800000
9.962000 0.800000
9.960000 0.800000
9.958000 0.800000
9.956000 0.800000
9.954000 0.800000
9.952000 0.800000
9.950000 0.800000
9.948000 0.800000
9.946000 0.800000
9.944000 0.800000
9.942000 0.800000
9.940000 0.800000
9.938000 0.800000
9.936000 0.800000
9.934000 0.800000
9.932000 0.800000
9.930000 0.800000
9.928000 0.800000
9.926000 0.800000
9.924000 0.800000
9.922000 0.800000
9.920000 0.800000
9.918000 0.800000
9.916000 0.800000
9.914000 0.800000
9.912000 0.800000
9.910000 0.800000
9.908000 0.800000
9.906000 0.800000
9.904000 0.800000
9.902000 0.800000
9.900000 0.800000
9.898000 0.800000
9.896000 0.800000
9.894000 0.800000
9.892000 0.800000
9.890000 0.800000
9.888000 0.800000
9.886000 0.800000
9.884000 0.800000
9.882000 0.800000
9.880000 0.800000
9.878000 0.800000
9.876000 0.800000
9.874000 0.800000
9.872000 0.800000
9.870000 0.800000
9.868000 0.800000
9.866000 0.800000
9.864000 0.800000
9.862000 0.800000
9.860000 0.800000
9.858000 0.800000
9.856000 0.800000
9.854000 0.800000
9.852000 0.800000
9.850000 0.800000
9.848000 0.800000
9.846000 0.800000
9.844000 0.800000
9.842000 0.800000
9.840000 0.800000
9.838000 0.800000
9.836000 0.800000
9.834000 0.800000
9.832000 0.800000
9.830000 0.800000
9.828000 0.800000
9.826000 0.800000
9.824000 0.800000
9.822000 0.800000
9.820000 0.800000
9.818000 0.800000
9.816000 0.800000
9.814000 0.800000
9.812000 0.800000
9.810000 0.800000
9.808000 0.800000
9.806000 0.800000
9.804000 0.800000
9.802000 0.800000
9.800000 0.800000
9.798000 0.800000
9.796000 0.800000
9.794000 0.800000
9.792000 0.800000
9.790000 0.800000
9.788000 0.800000
9.786000 0.800000
9.784000 0.800000
9.782000 0.800000
9.780000 0.800000
9.778000 0.800000
9.776000 0.800000
9.774000 0.800000
9.772000 0.800000
9.770000 0.800000
9.768000 0.800000
9.766000 0.800000
9.764000 0.800000
9.762000 0.800000
9.760000 0.800000
9.758000 0.800000
9.756000 0.800000
9.754000 0.800000
9.752000 0.800000
9.750000 0.800000
9.748000 0.800000
9.746000 0.800000
9.744000 0.800000
9.742000 0.800000
9.740000 0.800000
9.738000 0.800000
9.736000 0.800000
9.734000 0.800000
9.732000 0.800000
9.730000 0.800000
9.728000 0.800000
9.726000 0.800000
9.724000 0.800000
9.722000 0.800000
9.720000 0.800000
9.718000 0.800000
9.716000 0.800000
9.714000 0.800000
9.712000 0.800000
9.710000 0.800000
9.708000 0.800000
9.706000 0.800000
9.704000 0.800000
9.702000 0.800000
9.700000 0.800000
9.698000 0.800000
9.696000 0.800000
9.694000 0.800000
9.692000 0.800000
9.690000 0.800000
9.688000 0.800000
9.686000 0.800000
9.684000 0.800000
9.682000 0.800000
9.680000 0.800000
9.678000 0.800000
9.676000 0.800000
9.674000 0.800000
9.672000 0.800000
9.670000 0.800000
9.668000 0.800000
9.666000 0.800000
9.664000 0.800000
9.662000 0.800000
9.660000 0.800000
9.658000 0.800000
9.656000 0.800000
9.654000 0.800000
9.652000 0.800000
9.650000 0.800000
9.648000 0.800000
9.646000 0.800000
9.644000 0.800000
9.642000 0.800000
9.640000 0.800000
9.638000 0.800000
9.636000 0.800000
9.634000 0.800000
9.632000 0.800000
9.630000 0.800000
9.628000 0.800000
9.626000 0.800000
9.624000 0.800000
9.622000 0.800000
9.620000 0.800000
9.618000 0.800000
9.616000 0.800000
9.614000 0.800000
9.612000 0.800000
9.610000 0.800000
9.608000 0.800000
9.606000 0.800000
9.604000 0.800000
9.602000 0.800000
9.600000 0.800000
9.598000 0.800000
9.596000 0.800000
9.594000 0.800000
9.592000 0.800000
9.590000 0.800000
9.588000 0.800000
9.586000 0.800000
9.584000 0.800000
9.582000 0.800000
9.580000 0.800000
9.578000 0.800000
9.576000 0.800000
9.574000 0.800000
9.572000 0.800000
9.570000 0.800000
9.568000 0.800000
9.566000 0.800000
9.564000 0.800000
9.562000 0.800000
9.560000 0.800000
9.558000 0.800000
9.556000 0.800000
9.554000 0.800000
9.552000 0.800000
9.550000 0.800000
9.548000 0.800000
9.546000 0.800000
9.544000 0.800000
9.542000 0.800000
9.540000 0.800000
9.538000 0.800000
9.536000 0.800000
9.534000 0.800000
9.532000 0.800000
9.530000 0.800000
9.528000 0.800000
9.526000 0.800000
9.524000 0.800000
9.522000 0.800000
9.520000 0.800000
9.518000 0.800000
9.516000 0.800000
9.514000 0.800000
9.512000 0.800000
9.510000 0.800000
9.508000 0.800000
9.506000 0.800000
9.504000 0.800000
9.502000 0.800000
9.500000 0.800000
9.498000 0.800000
9.496000 0.800000
9.494000 0.800000
9.492000 0.800000
9.490000 0.800000
9.488000 0.800000
9.486000 0.800000
9.484000 0.800000
9.482000 0.800000
9.480000 0.800000
9.478000 0.800000
9.476000 0.800000
9.474000 0.800000
9.472000 0.800000
9.470000 0.800000
9.468000 0.800000
9.466000 0.800000
9.464000 0.800000
9.462000 0.800000
9.460000 0.800000
9.458000 0.800000
9.456000 0.800000
9.454000 0.800000
9.452000 0.800000
9.450000 0.800000
9.448000 0.800000
9.446000 0.800000
9.444000 0.800000
9.442000 0.800000
9.440000 0.800000
9.438000 0.800000
9.436000 0.800000
9.434000 0.800000
9.432000 0.800000
9.430000 0.800000
9.428000 0.800000
9.426000 0.800000
9.424000 0.800000
9.422000 0.800000
9.420000 0.800000
9.418000 0.800000
9.416000 0.800000
9.414000 0.800000
9.412000 0.800000
9.410000 0.800000
9.408000 0.800000
9.406000 0.800000
9.404000 0.800000
9.402000 0.800000
9.400000 0.800000
9.400000 0.798000
9.400000 0.796000
9.400000 0.794000
9.400000 0.792000
9.400000 0.790000
9.400000 0.788000
9.400000 0.786000
9.400000 0.784000
9.400000 0.782000
9.400000 0.780000
9.400000 0.778000
9.400000 0.776000
9.400000 0.774000
9.400000 0.772000
9.400000 0.770000
9.400000 0.768000
9.400000 0.766000
9.400000 0.764000
9.400000 0.762000
9.400000 0.760000
9.400000 0.758000
9.400000 0.756000
9.400000 0.754000
9.400000 0.752000
9.400000 0.750000
9.400000 0.748000
9.400000 0.746000
9.400000 0.744000
9.400000 0.742000
9.400000 0.740000
9.400000 0.738000
9.400000 0.736000
9.400000 0.734000
9.400000 0.732000
9.400000 0.730000
9.400000 0.728000
9.400000 0.726000
9.400000 0.724000
9.400000 0.722000
9.400000 0.720000
9.400000 0.718000
9.400000 0.716000
9.400000 0.714000
9.400000 0.712000
9.400000 0.710000
9.400000 0.708000
9.400000 0.706000
9.400000 0.704000
9.400000 0.702000
9.400000 0.700000
9.400000 0.698000
9.400000 0.696000
9.400000 0.694000
9.400000 0.692000
9.400000 0.690000
9.400000 0.688000
9.400000 0.686000
9.400000 0.684000
9.400000 0.682000
9.400000 0.680000
9.400000 0.678000
9.400000 0.676000
9.400000 0.674000
9.400000 0.672000
9.400000 0.670000
9.400000 0.668000
9.400000 0.666000
9.400000 0.664000
9.400000 0.662000
9.400000 0.660000
9.400000 0.658000
9.400000 0.656000
9.400000 0.654000
9.400000 0.652000
9.400000 0.650000
9.400000 0.648000
9.400000 0.646000
9.400000 0.644000
9.400000 0.642000
9.400000 0.640000
9.400000 0.638000
9.400000 0.636000
9.400000 0.634000
9.400000 0.632000
9.400000 0.630000
9.400000 0.628000
9.400000 0.626000
9.400000 0.624000
9.400000 0.622000
9.400000 0.620000
9.400000 0.618000
9.400000 0.616000
9.400000 0.614000
9.400000 0.612000
9.400000 0.610000
9.400000 0.608000
9.400000 0.606000
9.400000 0.604000
9.400000 0.602000
9.400000 0.600000
9.400000 0.598000
9.400000 0.596000
9.400000 0.594000
9.400000 0.592000
9.400000 0.590000
9.400000 0.588000
9.400000 0.586000
9.400000 0.584000
9.400000 0.582000
9.400000 0.580000
9.400000 0.578000
9.400000 0.576000
9.400000 0.574000
9.400000 0.572000
9.400000 0.570000
9.400000 0.568000
9.400000 0.566000
9.400000 0.564000
9.400000 0.562000
9.400000 0.560000
9.400000 0.558000
9.400000 0.556000
9.400000 0.554000
9.400000 0.552000
9.400000 0.550000
9.400000 0.548000
9.400000 0.546000
9.400000 0.544000
9.400000 0.542000
9.400000 0.540000
9.400000 0.538000
9.400000 0.536000
9.400000 0.534000
9.400000 0.532000
9.400000 0.530000
9.400000 0.528000
9.400000 0.526000
9.400000 0.524000
9.400000 0.522000
9.400000 0.520000
9.400000 0.518000
9.400000 0.516000
9.400000 0.514000
9.400000 0.512000
9.400000 0.510000
9.400000 0.508000
9.400000 0.506000
9.400000 0.504000
9.400000 0.502000
9.400000 0.500000
9.400000 0.498000
9.400000 0.496000
9.400000 0.494000
9.400000 0.492000
9.400000 0.490000
9.400000 0.488000
9.400000 0.486000
9.400000 0.484000
9.400000 0.482000
9.400000 0.480000
9.400000 0.478000
9.400000 0.476000
9.400000 0.474000
9.400000 0.472000
9.400000 0.470000
9.400000 0.468000
9.400000 0.466000
9.400000 0.464000
9.400000 0.462000
9.400000 0.460000
9.400000 0.458000
9.400000 0.456000
9.400000 0.454000
9.400000 0.452000
9.400000 0.450000
9.402000 0.450000
9.404000 0.450000
9.406000 0.450000
9.408000 0.450000
9.410000 0.450000
9.412000 0.450000
9.414000 0.450000
9.416000 0.450000
9.418000 0.450000
9.420000 0.450000
9.422000 0.450000
9.424000 0.450000
9.426000 0.450000
9.428000 0.450000
9.430000 0.450000
9.432000 0.450000
9.434000 0.450000
9.436000 0.450000
9.438000 0.450000
9.440000 0.450000
9.442000 0.450000
9.444000 0.450000
9.446000 0.450000
9.448000 0.450000
9.450000 0.450000
9.452000 0.450000
9.454000 0.450000
9.456000 0.450000
9.458000 0.450000
9.460000 0.450000
9.462000 0.450000
9.464000 0.450000
9.466000 0.450000
9.468000 0.450000
9.470000 0.450000
9.472000 0.450000
9.474000 0.450000
9.476000 0.450000
9.478000 0.450000
9.480000 0.450000
9.482000 0.450000
9.484000 0.450000
9.486000 0.450000
9.488000 0.450000
9.490000 0.450000
9.492000 0.450000
9.494000 0.450000
9.496000 0.450000
9.498000 0.450000
9.500000 0.450000
9.502000 0.450000
9.504000 0.450000
9.506000 0.450000
9.508000 0.450000
9.510000 0.450000
9.512000 0.450000
9.514000 0.450000
9.516000 0.450000
9.518000 0.450000
9.520000 0.450000
9.522000 0.450000
9.524000 0.450000
9.526000 0.450000
9.528000 0.450000
9.530000 0.450000
9.532000 0.450000
9.534000 0.450000
9.536000 0.450000
9.538000 0.450000
9.540000 0.450000
9.542000 0.450000
9.544000 0.450000
9.546000 0.450000
9.548000 0.450000
9.550000 0.450000
9.552000 0.450000
9.554000 0.450000
9.556000 0.450000
9.558000 0.450000
9.560000 0.450000
9.562000 0.450000
9.564000 0.450000
9.566000 0.450000
9.568000 0.450000
9.570000 0.450000
9.572000 0.450000
9.574000 0.450000
9.576000 0.450000
9.578000 0.450000
9.580000 0.450000
9.582000 0.450000
9.584000 0.450000
9.586000 0.450000
9.588000 0.450000
9.590000 0.450000
9.592000 0.450000
9.594000 0.450000
9.596000 0.450000
9.598000 0.450000
9.600000 0.450000
9.602000 0.450000
9.604000 0.450000
9.606000 0.450000
9.608000 0.450000
9.610000 0.450000
9.612000 0.450000
9.614000 0.450000
9.616000 0.450000
9.618000 0.450000
9.620000 0.450000
9.622000 0.450000
9.624000 0.450000
9.626000 0.450000
9.628000 0.450000
9.630000 0.450000
9.632000 0.450000
9.634000 0.450000
9.636000 0.450000
9.638000 0.450000
9.640000 0.450000
9.642000 0.450000
9.644000 0.450000
9.646000 0.450000
9.648000 0.450000
9.650000 0.450000
9.652000 0.450000
9.654000 0.450000
9.656000 0.450000
9.658000 0.450000
9.660000 0.450000
9.662000 0.450000
9.664000 0.450000
9.666000 0.450000
9.668000 0.450000
9.670000 0.450000
9.672000 0.450000
9.674000 0.450000
9.676000 0.450000
9.678000 0.450000
9.680000 0.450000
9.682000 0.450000
9.684000 0.450000
9.686000 0.450000
9.688000 0.450000
9.690000 0.450000
9.692000 0.450000
9.694000 0.450000
9.696000 0.450000
9.698000 0.450000
9.700000 0.450000
9.702000 0.450000
9.704000 0.450000
9.706000 0.450000
9.708000 0.450000
9.710000 0.450000
9.712000 0.450000
9.714000 0.450000
9.716000 0.450000
9.718000 0.450000
9.720000 0.450000
9.722000 0.450000
9.724000 0.450000
9.726000 0.450000
9.728000 0.450000
9.730000 0.450000
9.732000 0.450000
9.734000 0.450000
9.736000 0.450000
9.738000 0.450000
9.740000 0.450000
9.742000 0.450000
9.744000 0.450000
9.746000 0.450000
9.748000 0.450000
9.750000 0.450000
9.752000 0.450000
9.754000 0.450000
9.756000 0.450000
9.758000 0.450000
9.760000 0.450000
9.762000 0.450000
9.764000 0.450000
9.766000 0.450000
9.768000 0.450000
9.770000 0.450000
9.772000 0.450000
9.774000 0.450000
9.776000 0.450000
9.778000 0.450000
9.780000 0.450000
9.782000 0.450000
9.784000 0.450000
9.786000 0.450000
9.788000 0.450000
9.790000 0.450000
9.792000 0.450000
9.794000 0.450000
9.796000 0.450000
9.798000 0.450000
9.800000 0.450000
9.800000 0.448000
9.800000 0.446000
9.800000 0.444000
9.800000 0.442000
9.800000 0.440000
9.800000 0.438000
9.800000 0.436000
9.800000 0.434000
9.800000 0.432000
9.800000 0.430000
9.800000 0.428000
9.800000 0.426000
9.800000 0.424000
9.800000 0.422000
9.800000 0.420000
9.800000 0.418000
9.800000 0.416000
9.800000 0.414000
9.800000 0.412000
9.800000 0.410000
9.800000 0.408000
9.800000 0.406000
9.800000 0.404000
9.800000 0.402000
9.800000 0.400000
9.800000 0.398000
9.800000 0.396000
9.800000 0.394000
9.800000 0.392000
9.800000 0.390000
9.800000 0.388000
9.800000 0.386000
9.800000 0.384000
9.800000 0.382000
9.800000 0.380000
9.800000 0.378000
9.800000 0.376000
9.800000 0.374000
9.800000 0.372000
9.800000 0.370000
9.800000 0.368000
9.800000 0.366000
9.800000 0.364000
9.800000 0.362000
9.800000 0.360000
9.800000 0.358000
9.800000 0.356000
9.800000 0.354000
9.800000 0.352000
9.800000 0.350000
9.798000 0.350000
9.796000 0.350000
9.794000 0.350000
9.792000 0.350000
9.790000 0.350000
9.788000 0.350000
9.786000 0.350000
9.784000 0.350000
9.782000 0.350000
9.780000 0.350000
9.778000 0.350000
9.776000 0.350000
9.774000 0.350000
9.772000 0.350000
9.770000 0.350000
9.768000 0.350000
9.766000 0.350000
9.764000 0.350000
9.762000 0.350000
9.760000 0.350000
9.758000 0.350000
9.756000 0.350000
9.754000 0.350000
9.752000 0.350000
9.750000 0.350000
9.748000 0.350000
9.746000 0.350000
9.744000 0.350000
9.742000 0.350000
9.740000 0.350000
9.738000 0.350000
9.736000 0.350000
9.734000 0.350000
9.732000 0.350000
9.730000 0.350000
9.728000 0.350000
9.726000 0.350000
9.724000 0.350000
9.722000 0.350000
9.720000 0.350000
9.718000 0.350000
9.716000 0.350000
9.714000 0.350000
9.712000 0.350000
9.710000 0.350000
9.708000 0.350000
9.706000 0.350000
9.704000 0.350000
9.702000 0.350000
9.700000 0.350000
9.698000 0.350000
9.696000 0.350000
9.694000 0.350000
9.692000 0.350000
9.690000 0.350000
9.688000 0.350000
9.686000 0.350000
9.684000 0.350000
9.682000 0.350000
9.680000 0.350000
9.678000 0.350000
9.676000 0.350000
9.674000 0.350000
9.672000 0.350000
9.670000 0.350000
9.668000 0.350000
9.666000 0.350000
9.664000 0.350000
9.662000 0.350000
9.660000 0.350000
9.658000 0.350000
9.656000 0.350000
9.654000 0.350000
9.652000 0.350000
9.650000 0.350000
9.648000 0.350000
9.646000 0.350000
9.644000 0.350000
9.642000 0.350000
9.640000 0.350000
9.638000 0.350000
9.636000 0.350000
9.634000 0.350000
9.632000 0.350000
9.630000 0.350000
9.628000 0.350000
9.626000 0.350000
9.624000 0.350000
9.622000 0.350000
9.620000 0.350000
9.618000 0.350000
9.616000 0.350000
9.614000 0.350000
9.612000 0.350000
9.610000 0.350000
9.608000 0.350000
9.606000 0.350000
9.604000 0.350000
9.602000 0.350000
9.600000 0.350000
9.598000 0.350000
9.596000 0.350000
9.594000 0.350000
9.592000 0.350000
9.590000 0.350000
9.588000 0.350000
9.586000 0.350000
9.584000 0.350000
9.582000 0.350000
9.580000 0.350000
9.578000 0.350000
9.576000 0.350000
9.574000 0.350000
9.572000 0.350000
9.570000 0.350000
9.568000 0.350000
9.566000 0.350000
9.564000 0.350000
9.562000 0.350000
9.560000 0.350000
9.558000 0.350000
9.556000 0.350000
9.554000 0.350000
9.552000 0.350000
9.550000 0.350000
9.548000 0.350000
9.546000 0.350000
9.544000 0.350000
9.542000 0.350000
9.540000 0.350000
9.538000 0.350000
9.536000 0.350000
9.534000 0.350000
9.532000 0.350000
9.530000 0.350000
9.528000 0.350000
9.526000 0.350000
9.524000 0.350000
9.522000 0.350000
9.520000 0.350000
9.518000 0.350000
9.516000 0.350000
9.514000 0.350000
9.512000 0.350000
9.510000 0.350000
9.508000 0.350000
9.506000 0.350000
9.504000 0.350000
9.502000 0.350000
9.500000 0.350000
9.498000 0.350000
9.496000 0.350000
9.494000 0.350000
9.492000 0.350000
9.490000 0.350000
9.488000 0.350000
9.486000 0.350000
9.484000 0.350000
9.482000 0.350000
9.480000 0.350000
9.478000 0.350000
9.476000 0.350000
9.474000 0.350000
9.472000 0.350000
9.470000 0.350000
9.468000 0.350000
9.466000 0.350000
9.464000 0.350000
9.462000 0.350000
9.460000 0.350000
9.458000 0.350000
9.456000 0.350000
9.454000 0.350000
9.452000 0.350000
9.450000 0.350000
9.448000 0.350000
9.446000 0.350000
9.444000 0.350000
9.442000 0.350000
9.440000 0.350000
9.438000 0.350000
9.436000 0.350000
9.434000 0.350000
9.432000 0.350000
9.430000 0.350000
9.428000 0.350000
9.426000 0.350000
9.424000 0.350000
9.422000 0.350000
9.420000 0.350000
9.418000 0.350000
9.416000 0.350000
9.414000 0.350000
9.412000 0.350000
9.410000 0.350000
9.408000 0.350000
9.406000 0.350000
9.404000 0.350000
9.402000 0.350000
9.400000 0.350000
9.400000 0.348000
9.400000 0.346000
9.400000 0.344000
9.400000 0.342000
9.400000 0.340000
9.400000 0.338000
9.400000 0.336000
9.400000 0.334000
9.400000 0.332000
9.400000 0.330000
9.400000 0.328000
9.400000 0.326000
9.400000 0.324000
9.400000 0.322000
9.400000 0.320000
9.400000 0.318000
9.400000 0.316000
9.400000 0.314000
9.400000 0.312000
9.400000 0.310000
9.400000 0.308000
9.400000 0.306000
9.400000 0.304000
9.400000 0.302000
9.400000 0.300000
9.400000 0.298000
9.400000 0.296000
9.400000 0.294000
9.400000 0.292000
9.400000 0.290000
9.400000 0.288000
9.400000 0.286000
9.400000 0.284000
9.400000 0.282000
9.400000 0.280000
9.400000 0.278000
9.400000 0.276000
9.400000 0.274000
9.400000 0.272000
9.400000 0.270000
9.400000 0.268000
9.400000 0.266000
9.400000 0.264000
9.400000 0.262000
9.400000 0.260000
9.400000 0.258000
9.400000 0.256000
9.400000 0.254000
9.400000 0.252000
9.400000 0.250000
9.400000 0.248000
9.400000 0.246000
9.400000 0.244000
9.400000 0.242000
9.400000 0.240000
9.400000 0.238000
9.400000 0.236000
9.400000 0.234000
9.400000 0.232000
9.400000 0.230000
9.400000 0.228000
9.400000 0.226000
9.400000 0.224000
9.400000 0.222000
9.400000 0.220000
9.400000 0.218000
9.400000 0.216000
9.400000 0.214000
9.400000 0.212000
9.400000 0.210000
9.400000 0.208000
9.400000 0.206000
9.400000 0.204000
9.400000 0.202000
