+8.7389338020e-01 +3.0637400230e-02
+8.7369386640e-01 +3.0651302530e-02
+8.7348537900e-01 +3.0665800100e-02
+8.7326073090e-01 +3.0681387050e-02
+8.7301947870e-01 +3.0698086370e-02
+8.7276117610e-01 +3.0715920310e-02
+8.7248537210e-01 +3.0734910570e-02
+8.7219161090e-01 +3.0755078150e-02
+8.7187943280e-01 +3.0776443280e-02
+8.7154837430e-01 +3.0799025310e-02
+8.7119796900e-01 +3.0822842640e-02
+8.7082774780e-01 +3.0847912600e-02
+8.7043723970e-01 +3.0874251320e-02
+8.7002597230e-01 +3.0901873640e-02
+8.6959347240e-01 +3.0930793030e-02
+8.6913926700e-01 +3.0961021380e-02
+8.6866288400e-01 +3.0992568960e-02
+8.6816385280e-01 +3.1025444250e-02
+8.6764170540e-01 +3.1059653830e-02
+8.6709597700e-01 +3.1095202250e-02
+8.6652620740e-01 +3.1132091870e-02
+8.6593194190e-01 +3.1170322740e-02
+8.6531273210e-01 +3.1209892490e-02
+8.6466813720e-01 +3.1250796140e-02
+8.6399772530e-01 +3.1293026020e-02
+8.6330107420e-01 +3.1336571590e-02
+8.6257777340e-01 +3.1381419330e-02
+8.6182742460e-01 +3.1427552600e-02
+8.6104964360e-01 +3.1474951530e-02
+8.6024406140e-01 +3.1523592860e-02
+8.5941032580e-01 +3.1573449860e-02
+8.5854810300e-01 +3.1624492210e-02
+8.5765707880e-01 +3.1676685870e-02
+8.5673696030e-01 +3.1729993030e-02
+8.5578747750e-01 +3.1784371990e-02
+8.5480838500e-01 +3.1839777110e-02
+8.5379946330e-01 +3.1896158730e-02
+8.5276052070e-01 +3.1953463150e-02
+8.5169139480e-01 +3.2011632560e-02
+8.5059195420e-01 +3.2070605060e-02
+8.4946209990e-01 +3.2130314670e-02
+8.4830176730e-01 +3.2190691560e-02
+8.4711092730e-01 +3.2251662150e-02
+8.4588958840e-01 +3.2313149000e-02
+8.4463779750e-01 +3.2375070850e-02
+8.4335564200e-01 +3.2437342760e-02
+8.4204325080e-01 +3.2499876190e-02
+8.4070079570e-01 +3.2562579230e-02
+8.3932849290e-01 +3.2625356730e-02
+8.3792660370e-01 +3.2688110510e-02
+8.3649543570e-01 +3.2750739640e-02
+8.3503534400e-01 +3.2813140600e-02
+8.3354673170e-01 +3.2875207670e-02
+8.3203005100e-01 +3.2936833150e-02
+8.3048580300e-01 +3.2997907700e-02
+8.2891453900e-01 +3.3058320740e-02
+8.2731686020e-01 +3.3117960750e-02
+8.2569341800e-01 +3.3176715670e-02
+8.2404491370e-01 +3.3234473360e-02
+8.2237209840e-01 +3.3291121940e-02
+8.2067577290e-01 +3.3346550260e-02
+8.1895678620e-01 +3.3400648360e-02
+8.1721603570e-01 +3.3453307880e-02
+8.1545446530e-01 +3.3504422560e-02
+8.1367306480e-01 +3.3553888630e-02
+8.1187286840e-01 +3.3601605350e-02
+8.1005495270e-01 +3.3647475410e-02
+8.0822043550e-01 +3.3691405390e-02
+8.0637047340e-01 +3.3733306170e-02
+8.0450625990e-01 +3.3773093420e-02
+8.0262902290e-01 +3.3810687920e-02
+8.0074002220e-01 +3.3846015990e-02
+7.9884054720e-01 +3.3879009850e-02
+7.9693191360e-01 +3.3909607930e-02
+7.9501546100e-01 +3.3937755190e-02
+7.9309254920e-01 +3.3963403410e-02
+7.9116455580e-01 +3.3986511370e-02
+7.8923287230e-01 +3.4007045120e-02
+7.8729890130e-01 +3.4024978090e-02
+7.8536405270e-01 +3.4040291250e-02
+7.8342974050e-01 +3.4052973150e-02
+7.8149737930e-01 +3.4063020020e-02
+7.7956838090e-01 +3.4070435720e-02
+7.7764415090e-01 +3.4075231720e-02
+7.7572608490e-01 +3.4077427000e-02
+7.7381556570e-01 +3.4077047970e-02
+7.7191395960e-01 +3.4074128260e-02
+7.7002261330e-01 +3.4068708520e-02
+7.6814285080e-01 +3.4060836220e-02
+7.6627597020e-01 +3.4050565350e-02
+7.6442324110e-01 +3.4037956120e-02
+7.6258590160e-01 +3.4023074660e-02
+7.6076515560e-01 +3.4005992620e-02
+7.5896217070e-01 +3.3986786790e-02
+7.5717807570e-01 +3.3965538740e-02
+7.5541395840e-01 +3.3942334380e-02
+7.5367086390e-01 +3.3917263510e-02
+7.5194979270e-01 +3.3890419420e-02
+7.5025169920e-01 +3.3861898400e-02
+7.4857749050e-01 +3.3831799340e-02
+7.4692802500e-01 +3.3800223210e-02
+7.4530411170e-01 +3.3767272670e-02
+7.4370650930e-01 +3.3733051620e-02
+7.4213592570e-01 +3.3697664730e-02
+7.4059301760e-01 +3.3661217040e-02
+7.3907839040e-01 +3.3623813570e-02
+7.3759259820e-01 +3.3585558890e-02
+7.3613614370e-01 +3.3546556760e-02
+7.3470947910e-01 +3.3506909760e-02
+7.3331300590e-01 +3.3466718980e-02
+7.3194707610e-01 +3.3426083680e-02
+7.3061199280e-01 +3.3385101000e-02
+7.2930801090e-01 +3.3343865690e-02
+7.2803533870e-01 +3.3302469880e-02
+7.2679413820e-01 +3.3261002850e-02
+7.2558452720e-01 +3.3219550810e-02
+7.2440657990e-01 +3.3178196770e-02
+7.2326032910e-01 +3.3137020370e-02
+7.2214576670e-01 +3.3096097730e-02
+7.2106284610e-01 +3.3055501400e-02
+7.2001148340e-01 +3.3015300240e-02
+7.1899155900e-01 +3.2975559360e-02
+7.1800291930e-01 +3.2936340110e-02
+7.1704537860e-01 +3.2897700020e-02
+7.1611872040e-01 +3.2859692850e-02
+7.1522269940e-01 +3.2822368560e-02
+7.1435704300e-01 +3.2785773330e-02
+7.1352145300e-01 +3.2749949680e-02
+7.1271560780e-01 +3.2714936430e-02
+7.1193916300e-01 +3.2680768850e-02
+7.1119175400e-01 +3.2647478700e-02
+7.1047299720e-01 +3.2615094320e-02
+7.0978249160e-01 +3.2583640760e-02
+7.0911982030e-01 +3.2553139840e-02
+7.0848455190e-01 +3.2523610300e-02
+7.0787624220e-01 +3.2495067900e-02
+7.0729443550e-01 +3.2467525550e-02
+7.0673866570e-01 +3.2440993430e-02
+7.0620845790e-01 +3.2415479120e-02
+7.0570332960e-01 +3.2390987720e-02
+7.0522279160e-01 +3.2367521990e-02
+7.0476634960e-01 +3.2345082480e-02
+7.0433350500e-01 +3.2323667630e-02
+7.0392375580e-01 +3.2303273960e-02
+7.0353659800e-01 +3.2283896130e-02
+7.0317152600e-01 +3.2265527100e-02
+7.0282803400e-01 +3.2248158240e-02
+7.0250561630e-01 +3.2231779480e-02
+7.0220376860e-01 +3.2216379340e-02
+7.0192198820e-01 +3.2201945160e-02
+7.0165977520e-01 +3.2188463120e-02
+7.0141663250e-01 +3.2175918350e-02
+7.0119206710e-01 +3.2164295090e-02
+7.0098558990e-01 +3.2153576740e-02
+7.0079671670e-01 +3.2143745930e-02
+7.0062496850e-01 +3.2134784680e-02
+7.0046987200e-01 +3.2126674410e-02
+7.0033095970e-01 +3.2119396060e-02
+7.0020777050e-01 +3.2112930160e-02
+7.0009984980e-01 +3.2107256890e-02
+6.9999998810e-01 +3.2101999970e-02
+6.9999998810e-01 +3.2024057140e-02
+6.9999998810e-01 +3.1940649900e-02
+6.9999998810e-01 +3.1851475100e-02
+6.9999998810e-01 +3.1756221770e-02
+6.9999998810e-01 +3.1653013250e-02
+6.9999998810e-01 +3.1541345410e-02
+6.9999998810e-01 +3.1422052170e-02
+6.9999998810e-01 +3.1294734300e-02
+6.9999998810e-01 +3.1158696340e-02
+6.9999998810e-01 +3.1010015440e-02
+6.9999998810e-01 +3.0851375310e-02
+6.9999998810e-01 +3.0682279190e-02
+6.9999998810e-01 +3.0502220930e-02
+6.9999998810e-01 +3.0307522200e-02
+6.9999998810e-01 +3.0098196900e-02
+6.9999998810e-01 +2.9875483890e-02
+6.9999998810e-01 +2.9638784700e-02
+6.9999998810e-01 +2.9386510020e-02
+6.9999998810e-01 +2.9113109430e-02
+6.9999998810e-01 +2.8822963740e-02
+6.9999998810e-01 +2.8515414080e-02
+6.9999998810e-01 +2.8189799230e-02
+6.9999998810e-01 +2.7839782380e-02
+6.9999998810e-01 +2.7467085250e-02
+6.9999998810e-01 +2.7073442620e-02
+6.9999998810e-01 +2.6658218810e-02
+6.9999998810e-01 +2.6218600380e-02
+6.9999998810e-01 +2.5748412940e-02
+6.9999998810e-01 +2.5254120650e-02
+6.9999998810e-01 +2.4735247980e-02
+6.9999998810e-01 +2.4191343830e-02
+6.9999998810e-01 +2.3613827380e-02
+6.9999998810e-01 +2.3007795000e-02
+6.9999998810e-01 +2.2375514920e-02
+6.9999998810e-01 +2.1716901770e-02
+6.9999998810e-01 +2.1028648450e-02
+6.9999998810e-01 +2.0306954070e-02
+6.9999998810e-01 +1.9559629990e-02
+6.9999998810e-01 +1.8787142070e-02
+6.9999998810e-01 +1.7990015720e-02
+6.9999998810e-01 +1.7161265690e-02
+6.9999998810e-01 +1.6309119130e-02
+6.9999998810e-01 +1.5436165180e-02
+6.9999998810e-01 +1.4543582190e-02
+6.9999998810e-01 +1.3630186760e-02
+6.9999998810e-01 +1.2697385560e-02
+6.9999998810e-01 +1.1751377970e-02
+6.9999998810e-01 +1.0793896590e-02
+6.9999998810e-01 +9.8267158690e-03
+6.9999998810e-01 +8.8504090900e-03
+6.9999998810e-01 +7.8706470080e-03
+6.9999998810e-01 +6.8896284520e-03
+6.9999998810e-01 +5.9093428390e-03
+6.9999998810e-01 +4.9330360600e-03
+6.9999998810e-01 +3.9648182850e-03
+6.9999998810e-01 +3.0058059470e-03
+6.9999998810e-01 +2.0578019380e-03
+6.9999998810e-01 +1.1225750210e-03
+6.9999998810e-01 +2.7112912720e-04
+6.9999998810e-01 -6.3483491560e-04
+6.9999998810e-01 -1.5915607830e-03
+6.9999998810e-01 -2.5936954090e-03
+6.9999998810e-01 -3.6342219060e-03
+6.9999998810e-01 -4.7044730960e-03
+6.9999998810e-01 -5.7942418090e-03
+6.9999998810e-01 -6.8919973160e-03
+6.9999998810e-01 -7.9852075810e-03
+6.9999998810e-01 -9.0607552100e-03
+6.9999998810e-01 -1.0105422880e-02
+6.9999998810e-01 -1.1106413550e-02
+6.9999998810e-01 -1.2051864360e-02
+6.9999998810e-01 -1.2931311500e-02
+6.9999998810e-01 -1.3736068520e-02
+6.9999998810e-01 -1.4459489910e-02
+6.9999998810e-01 -1.5097105210e-02
+6.9999998810e-01 -1.5646623460e-02
+6.9999998810e-01 -1.6107820440e-02
+6.9999998810e-01 -1.6482331340e-02
+6.9999998810e-01 -1.6773376610e-02
+6.9999998810e-01 -1.6985450750e-02
+6.9999998810e-01 -1.7124000770e-02
+6.9999998810e-01 -1.7224000770e-02
+6.9980317410e-01 -1.7259553560e-02
+6.9960111370e-01 -1.7296084740e-02
+6.9938940320e-01 -1.7334393620e-02
+6.9916793480e-01 -1.7374503980e-02
+6.9893660030e-01 -1.7416439910e-02
+6.9869528560e-01 -1.7460226690e-02
+6.9844389080e-01 -1.7505887250e-02
+6.9818230210e-01 -1.7553447170e-02
+6.9791040940e-01 -1.7602931540e-02
+6.9762810240e-01 -1.7654365660e-02
+6.9733527010e-01 -1.7707775080e-02
+6.9703180120e-01 -1.7763185500e-02
+6.9671758430e-01 -1.7820622840e-02
+6.9639250720e-01 -1.7880113190e-02
+6.9605645770e-01 -1.7941682760e-02
+6.9570932330e-01 -1.8005357930e-02
+6.9535099090e-01 -1.8071165160e-02
+6.9498134750e-01 -1.8139131020e-02
+6.9460027950e-01 -1.8209282130e-02
+6.9420767330e-01 -1.8281645140e-02
+6.9380341500e-01 -1.8356246720e-02
+6.9338739030e-01 -1.8433113510e-02
+6.9295948510e-01 -1.8512272120e-02
+6.9251958480e-01 -1.8593749040e-02
+6.9206757480e-01 -1.8677570660e-02
+6.9160334040e-01 -1.8763763190e-02
+6.9112676650e-01 -1.8852352660e-02
+6.9063773840e-01 -1.8943364830e-02
+6.9013614090e-01 -1.9036825180e-02
+6.8962185920e-01 -1.9132758820e-02
+6.8909477770e-01 -1.9231190580e-02
+6.8855478160e-01 -1.9332144730e-02
+6.8800175560e-01 -1.9435645070e-02
+6.8743558480e-01 -1.9541714870e-02
+6.8685615410e-01 -1.9650376740e-02
+6.8626334870e-01 -1.9761652650e-02
+6.8565705350e-01 -1.9875563770e-02
+6.8503715400e-01 -1.9992130500e-02
+6.8440353560e-01 -2.0111372290e-02
+6.8375608380e-01 -2.0233307640e-02
+6.8309468450e-01 -2.0357953980e-02
+6.8241922360e-01 -2.0485327630e-02
+6.8172958740e-01 -2.0615443630e-02
+6.8102566230e-01 -2.0748315730e-02
+6.8030733850e-01 -2.0883955640e-02
+6.7957448900e-01 -2.1022376770e-02
+6.7882702330e-01 -2.1163584160e-02
+6.7806481380e-01 -2.1307588180e-02
+6.7728775240e-01 -2.1454393660e-02
+6.7649572790e-01 -2.1604004260e-02
+6.7568862910e-01 -2.1756421560e-02
+6.7486634550e-01 -2.1911644930e-02
+6.7402876670e-01 -2.2069671400e-02
+6.7317578340e-01 -2.2230495560e-02
+6.7230728620e-01 -2.2394109390e-02
+6.7142316660e-01 -2.2560502110e-02
+6.7052331670e-01 -2.2729660070e-02
+6.6960762890e-01 -2.2901566590e-02
+6.6867599660e-01 -2.3076201750e-02
+6.6772831360e-01 -2.3253542320e-02
+6.6676447440e-01 -2.3433561520e-02
+6.6578437440e-01 -2.3616228890e-02
+6.6478790950e-01 -2.3801510100e-02
+6.6377497650e-01 -2.3989366770e-02
+6.6274547300e-01 -2.4179756300e-02
+6.6169929740e-01 -2.4372631670e-02
+6.6063634910e-01 -2.4567941240e-02
+6.5955652840e-01 -2.4765628590e-02
+6.5845973630e-01 -2.4965632240e-02
+6.5734587500e-01 -2.5167885550e-02
+6.5621484780e-01 -2.5372316400e-02
+6.5506655450e-01 -2.5578847870e-02
+6.5390091740e-01 -2.5787404070e-02
+6.5271787040e-01 -2.5998139160e-02
+6.5151741070e-01 -2.6211445630e-02
+6.5029954360e-01 -2.6427761590e-02
+6.4906427700e-01 -2.6647524240e-02
+6.4781156500e-01 -2.6870867760e-02
+6.4654133440e-01 -2.7097759760e-02
+6.4525350540e-01 -2.7328162420e-02
+6.4394801850e-01 -2.7562028780e-02
+6.4262480040e-01 -2.7799308610e-02
+6.4128378350e-01 -2.8039944670e-02
+6.3992490140e-01 -2.8283873260e-02
+6.3854808940e-01 -2.8531023920e-02
+6.3715328420e-01 -2.8781319200e-02
+6.3574042410e-01 -2.9034674400e-02
+6.3430944890e-01 -2.9290997300e-02
+6.3286030000e-01 -2.9550187900e-02
+6.3139292040e-01 -2.9812138180e-02
+6.2990725500e-01 -3.0076731780e-02
+6.2840325030e-01 -3.0343843760e-02
+6.2688085440e-01 -3.0613340350e-02
+6.2534001740e-01 -3.0885078630e-02
+6.2378069170e-01 -3.1158907140e-02
+6.2220283900e-01 -3.1434709560e-02
+6.2060643550e-01 -3.1712429130e-02
+6.1899146120e-01 -3.1992012190e-02
+6.1735789940e-01 -3.2273403140e-02
+6.1570573700e-01 -3.2556544500e-02
+6.1403496400e-01 -3.2841376830e-02
+6.1234557410e-01 -3.3127838710e-02
+6.1063756430e-01 -3.3415866780e-02
+6.0891093530e-01 -3.3705395670e-02
+6.0716569140e-01 -3.3996358010e-02
+6.0540184070e-01 -3.4288684420e-02
+6.0361939470e-01 -3.4582303510e-02
+6.0181836920e-01 -3.4877141810e-02
+5.9999878330e-01 -3.5173123850e-02
+5.9816066040e-01 -3.5470172100e-02
+5.9630402760e-01 -3.5768206950e-02
+5.9442891620e-01 -3.6067146760e-02
+5.9253536170e-01 -3.6366907750e-02
+5.9062340270e-01 -3.6667404270e-02
+5.8869308320e-01 -3.6968548420e-02
+5.8674445060e-01 -3.7270250300e-02
+5.8477755690e-01 -3.7572417970e-02
+5.8279245830e-01 -3.7874957440e-02
+5.8078921520e-01 -3.8177772660e-02
+5.7876789250e-01 -3.8480765600e-02
+5.7672855950e-01 -3.8783836160e-02
+5.7467128970e-01 -3.9086882300e-02
+5.7259616130e-01 -3.9389799940e-02
+5.7050325710e-01 -3.9692483080e-02
+5.6839266420e-01 -3.9994823760e-02
+5.6626447440e-01 -4.0296712120e-02
+5.6411878400e-01 -4.0598036390e-02
+5.6195569060e-01 -4.0898683510e-02
+5.5977531130e-01 -4.1198541320e-02
+5.5757774730e-01 -4.1497506530e-02
+5.5536311910e-01 -4.1795473350e-02
+5.5313154850e-01 -4.2092335360e-02
+5.5088316170e-01 -4.2387985040e-02
+5.4861809000e-01 -4.2682313820e-02
+5.4633646940e-01 -4.2975212130e-02
+5.4403844060e-01 -4.3266569460e-02
+5.4172414910e-01 -4.3556274380e-02
+5.3939374550e-01 -4.3844214620e-02
+5.3704738480e-01 -4.4130277110e-02
+5.3468522710e-01 -4.4414348030e-02
+5.3230743700e-01 -4.4696312870e-02
+5.2991418440e-01 -4.4976056490e-02
+5.2750564320e-01 -4.5253463230e-02
+5.2508199280e-01 -4.5528416850e-02
+5.2264341690e-01 -4.5800800700e-02
+5.2019010410e-01 -4.6070497770e-02
+5.1772224790e-01 -4.6337390700e-02
+5.1524004600e-01 -4.6601361900e-02
+5.1274370120e-01 -4.6862293610e-02
+5.1023342070e-01 -4.7120067970e-02
+5.0770941640e-01 -4.7374567060e-02
+5.0517190470e-01 -4.7625673040e-02
+5.0262110660e-01 -4.7873268140e-02
+5.0005724430e-01 -4.8117235100e-02
+4.9748055740e-01 -4.8357462030e-02
+4.9489127410e-01 -4.8593866320e-02
+4.9228963950e-01 -4.8826372920e-02
+4.8967589980e-01 -4.9054908710e-02
+4.8705030550e-01 -4.9279402280e-02
+4.8441310790e-01 -4.9499784210e-02
+4.8176457390e-01 -4.9715985920e-02
+4.7910495680e-01 -4.9927942120e-02
+4.7643452540e-01 -5.0135588460e-02
+4.7375354910e-01 -5.0338862770e-02
+4.7106230100e-01 -5.0537704880e-02
+4.6836105750e-01 -5.0732056630e-02
+4.6565009870e-01 -5.0921864080e-02
+4.6292970840e-01 -5.1107082010e-02
+4.6020017360e-01 -5.1287668780e-02
+4.5746178430e-01 -5.1463585120e-02
+4.5471483370e-01 -5.1634794130e-02
+4.5195961750e-01 -5.1801261340e-02
+4.4919643440e-01 -5.1962954690e-02
+4.4642558540e-01 -5.2119844570e-02
+4.4364737450e-01 -5.2271903820e-02
+4.4086210750e-01 -5.2419107770e-02
+4.3807009300e-01 -5.2561434200e-02
+4.3527164150e-01 -5.2698863370e-02
+4.3246706530e-01 -5.2831378070e-02
+4.2965667920e-01 -5.2958963540e-02
+4.2684079930e-01 -5.3081607520e-02
+4.2401974350e-01 -5.3199300240e-02
+4.2119383150e-01 -5.3312034410e-02
+4.1836338410e-01 -5.3419805210e-02
+4.1552872350e-01 -5.3522610290e-02
+4.1269017310e-01 -5.3620449740e-02
+4.0984805730e-01 -5.3713326110e-02
+4.0700270160e-01 -5.3801244340e-02
+4.0415443200e-01 -5.3884212270e-02
+4.0130357550e-01 -5.3962244060e-02
+3.9845045940e-01 -5.4035358340e-02
+3.9559541180e-01 -5.4103576110e-02
+3.9273876070e-01 -5.4166920770e-02
+3.8988083420e-01 -5.4225418010e-02
+3.8702196060e-01 -5.4279095810e-02
+3.8416246780e-01 -5.4327984400e-02
+3.8130268380e-01 -5.4372116200e-02
+3.7844293580e-01 -5.4411525790e-02
+3.7558355080e-01 -5.4446249840e-02
+3.7272485480e-01 -5.4476327100e-02
+3.6986717320e-01 -5.4501798320e-02
+3.6701083080e-01 -5.4522706200e-02
+3.6415615090e-01 -5.4539095350e-02
+3.6130345600e-01 -5.4551012240e-02
+3.5845306710e-01 -5.4558505110e-02
+3.5560530400e-01 -5.4561623980e-02
+3.5276048490e-01 -5.4560420510e-02
+3.4991892650e-01 -5.4554948000e-02
+3.4708094370e-01 -5.4545261340e-02
+3.4424684960e-01 -5.4531416970e-02
+3.4141695520e-01 -5.4513475640e-02
+3.3859156970e-01 -5.4491502800e-02
+3.3577099970e-01 -5.4465565360e-02
+3.3295554990e-01 -5.4435731450e-02
+3.3014552250e-01 -5.4402070320e-02
+3.2734121700e-01 -5.4364652330e-02
+3.2454293050e-01 -5.4323548800e-02
+3.2175095750e-01 -5.4278832010e-02
+3.1896558950e-01 -5.4230575090e-02
+3.1618711460e-01 -5.4178851940e-02
+3.1341582090e-01 -5.4123732680e-02
+3.1065198940e-01 -5.4065264020e-02
+3.0789590150e-01 -5.4003485980e-02
+3.0514783470e-01 -5.3938439710e-02
+3.0240806300e-01 -5.3870167490e-02
+2.9967685760e-01 -5.3798712660e-02
+2.9695448620e-01 -5.3724119610e-02
+2.9424121300e-01 -5.3646433730e-02
+2.9153729870e-01 -5.3565701400e-02
+2.8884300070e-01 -5.3481969900e-02
+2.8615857250e-01 -5.3395287420e-02
+2.8348426400e-01 -5.3305703010e-02
+2.8082032140e-01 -5.3213266520e-02
+2.7816698700e-01 -5.3118028600e-02
+2.7552449930e-01 -5.3020040610e-02
+2.7289309280e-01 -5.2919354620e-02
+2.7027299810e-01 -5.2816023360e-02
+2.6766444170e-01 -5.2710100200e-02
+2.6506764600e-01 -5.2601639050e-02
+2.6248282930e-01 -5.2490694400e-02
+2.5991020570e-01 -5.2377321230e-02
+2.5734998530e-01 -5.2261572230e-02
+2.5480237540e-01 -5.2143471590e-02
+2.5226757950e-01 -5.2023027550e-02
+2.4974579730e-01 -5.1900249890e-02
+2.4723722410e-01 -5.1775150210e-02
+2.4474205100e-01 -5.1647741900e-02
+2.4226046450e-01 -5.1518040110e-02
+2.3979264710e-01 -5.1386061720e-02
+2.3733877680e-01 -5.1251825320e-02
+2.3489902720e-01 -5.1115351180e-02
+2.3247356770e-01 -5.0976661230e-02
+2.3006256260e-01 -5.0835779010e-02
+2.2766617240e-01 -5.0692729650e-02
+2.2528455310e-01 -5.0547539850e-02
+2.2291785610e-01 -5.0400237820e-02
+2.2056622810e-01 -5.0250853240e-02
+2.1822981180e-01 -5.0099417240e-02
+2.1590874500e-01 -4.9945962380e-02
+2.1360316130e-01 -4.9790522540e-02
+2.1131318960e-01 -4.9633132970e-02
+2.0903895440e-01 -4.9473830170e-02
+2.0678057580e-01 -4.9312651890e-02
+2.0453816900e-01 -4.9149643270e-02
+2.0231184000e-01 -4.8984913510e-02
+2.0010168740e-01 -4.8818606780e-02
+1.9790780560e-01 -4.8650864270e-02
+1.9573028440e-01 -4.8481823650e-02
+1.9356920920e-01 -4.8311619100e-02
+1.9142466130e-01 -4.8140381290e-02
+1.8929671750e-01 -4.7968237370e-02
+1.8718545050e-01 -4.7795311000e-02
+1.8509092890e-01 -4.7621722330e-02
+1.8301321700e-01 -4.7447588040e-02
+1.8095237520e-01 -4.7273021340e-02
+1.7890845980e-01 -4.7098131990e-02
+1.7688152330e-01 -4.6923026320e-02
+1.7487161420e-01 -4.6747807280e-02
+1.7287877700e-01 -4.6572574410e-02
+1.7090305270e-01 -4.6397423940e-02
+1.6894447840e-01 -4.6222448790e-02
+1.6700308740e-01 -4.6047738590e-02
+1.6507890970e-01 -4.5873379740e-02
+1.6317197130e-01 -4.5699455450e-02
+1.6128229500e-01 -4.5526045790e-02
+1.5940990000e-01 -4.5353227700e-02
+1.5755480200e-01 -4.5181075020e-02
+1.5571701930e-01 -4.5009597270e-02
+1.5389658350e-01 -4.4838620900e-02
+1.5209352570e-01 -4.4667948970e-02
+1.5030787270e-01 -4.4497397010e-02
+1.4853964710e-01 -4.4326792710e-02
+1.4678886780e-01 -4.4155975620e-02
+1.4505554990e-01 -4.3984796850e-02
+1.4333970460e-01 -4.3813118690e-02
+1.4164133970e-01 -4.3640814370e-02
+1.3996045920e-01 -4.3467767700e-02
+1.3829706380e-01 -4.3293872760e-02
+1.3665115060e-01 -4.3119033600e-02
+1.3502271350e-01 -4.2943163900e-02
+1.3341174300e-01 -4.2766186680e-02
+1.3181822640e-01 -4.2588033990e-02
+1.3024214770e-01 -4.2408646610e-02
+1.2868348800e-01 -4.2227973690e-02
+1.2714222500e-01 -4.2045972540e-02
+1.2561833360e-01 -4.1862608210e-02
+1.2411178540e-01 -4.1677853290e-02
+1.2262254940e-01 -4.1491687570e-02
+1.2115059120e-01 -4.1304097740e-02
+1.1969587390e-01 -4.1115077120e-02
+1.1825835760e-01 -4.0924625350e-02
+1.1683799210e-01 -4.0732802150e-02
+1.1543467400e-01 -4.0540038160e-02
+1.1404827690e-01 -4.0346893540e-02
+1.1267867380e-01 -4.0153894350e-02
+1.1132573820e-01 -3.9961533170e-02
+1.0998934410e-01 -3.9770270290e-02
+1.0866936710e-01 -3.9580534950e-02
+1.0736568390e-01 -3.9392726480e-02
+1.0607817360e-01 -3.9207215480e-02
+1.0480671560e-01 -3.9024344680e-02
+1.0355121390e-01 -3.8844318970e-02
+1.0231161990e-01 -3.8666936780e-02
+1.0108789920e-01 -3.8491926650e-02
+9.9880011720e-02 -3.8319035880e-02
+9.8687913240e-02 -3.8148030050e-02
+9.7511555710e-02 -3.7978692300e-02
+9.6350887510e-02 -3.7810822600e-02
+9.5205853690e-02 -3.7644237060e-02
+9.4076396160e-02 -3.7478767270e-02
+9.2962453870e-02 -3.7314259620e-02
+9.1863962960e-02 -3.7150574640e-02
+9.0780856180e-02 -3.6987586280e-02
+8.9713066380e-02 -3.6825182500e-02
+8.8660509620e-02 -3.6663333630e-02
+8.7623081980e-02 -3.6502142890e-02
+8.6600677120e-02 -3.6341721380e-02
+8.5593187990e-02 -3.6182173650e-02
+8.4600507200e-02 -3.6023598030e-02
+8.3622527010e-02 -3.5866086830e-02
+8.2659139430e-02 -3.5709726620e-02
+8.1710236250e-02 -3.5554598400e-02
+8.0775709090e-02 -3.5400777880e-02
+7.9855449600e-02 -3.5248334460e-02
+7.8949356910e-02 -3.5097287300e-02
+7.8057339190e-02 -3.4947597350e-02
+7.7179303930e-02 -3.4799226660e-02
+7.6315157310e-02 -3.4652142280e-02
+7.5464804300e-02 -3.4506315950e-02
+7.4628148750e-02 -3.4361723850e-02
+7.3805093260e-02 -3.4218346240e-02
+7.2995539560e-02 -3.4076167330e-02
+7.2199388360e-02 -3.3935174900e-02
+7.1416539440e-02 -3.3795360150e-02
+7.0646891750e-02 -3.3656717390e-02
+6.9890343410e-02 -3.3519244070e-02
+6.9146786350e-02 -3.3382969770e-02
+6.8416101670e-02 -3.3247980930e-02
+6.7698169850e-02 -3.3114364000e-02
+6.6992872110e-02 -3.2982198490e-02
+6.6300090470e-02 -3.2851557320e-02
+6.5619707710e-02 -3.2722507110e-02
+6.4951607540e-02 -3.2595108600e-02
+6.4295674120e-02 -3.2469416870e-02
+6.3651792750e-02 -3.2345481710e-02
+6.3019849450e-02 -3.2223347900e-02
+6.2399731000e-02 -3.2103055470e-02
+6.1791325010e-02 -3.1984639960e-02
+6.1194519870e-02 -3.1868132670e-02
+6.0609204770e-02 -3.1753560940e-02
+6.0035269650e-02 -3.1640948310e-02
+5.9472613830e-02 -3.1530271590e-02
+5.8921189080e-02 -3.1421242870e-02
+5.8380961380e-02 -3.1313506600e-02
+5.7851889910e-02 -3.1206751070e-02
+5.7333928130e-02 -3.1100706410e-02
+5.6827022910e-02 -3.0995141840e-02
+5.6331117510e-02 -3.0889863850e-02
+5.5846150330e-02 -3.0784713350e-02
+5.5367838370e-02 -3.0678407290e-02
+5.4894224480e-02 -3.0567992920e-02
+5.4422687380e-02 -3.0449043480e-02
+5.3954403200e-02 -3.0317899900e-02
+5.3490855890e-02 -3.0170925650e-02
+5.3033917250e-02 -3.0004580430e-02
+5.2585471370e-02 -2.9816549750e-02
+5.2146254510e-02 -2.9607854780e-02
+5.1716586660e-02 -2.9380132620e-02
+5.1296622300e-02 -2.9134965330e-02
+5.0886380910e-02 -2.8873854320e-02
+5.0485763680e-02 -2.8598196750e-02
+5.0094590360e-02 -2.8309284640e-02
+4.9712625180e-02 -2.8008303290e-02
+4.9339784390e-02 -2.7696088010e-02
+4.8976330510e-02 -2.7372993570e-02
+4.8622559550e-02 -2.7039324720e-02
+4.8278766020e-02 -2.6695384580e-02
+4.7945243960e-02 -2.6341475250e-02
+4.7622287850e-02 -2.5977898530e-02
+4.7310193310e-02 -2.5604956840e-02
+4.7009256930e-02 -2.5222953110e-02
+4.6719779710e-02 -2.4832195890e-02
+4.6442062790e-02 -2.4432994770e-02
+4.6176410620e-02 -2.4025665650e-02
+4.5923129940e-02 -2.3610530980e-02
+4.5682529340e-02 -2.3187921200e-02
+4.5454918630e-02 -2.2758176150e-02
+4.5240607950e-02 -2.2321646530e-02
+4.5039902840e-02 -2.1878697200e-02
+4.4853069170e-02 -2.1429722020e-02
+4.4680359580e-02 -2.0975123950e-02
+4.4522047140e-02 -2.0515315700e-02
+4.4378421170e-02 -2.0050711360e-02
+4.4249788950e-02 -1.9581735230e-02
+4.4136474740e-02 -1.9108824700e-02
+4.4038818580e-02 -1.8632434630e-02
+4.3957174530e-02 -1.8153041660e-02
+4.3891907880e-02 -1.7671147500e-02
+4.3843391570e-02 -1.7187279070e-02
+4.3812002990e-02 -1.6702000050e-02
+4.3805106570e-02 -1.6123188570e-02
+4.3814360620e-02 -1.5544409120e-02
+4.3839397920e-02 -1.4966096250e-02
+4.3879848200e-02 -1.4388655590e-02
+4.3935341760e-02 -1.3812465200e-02
+4.4005512540e-02 -1.3237878380e-02
+4.4090001500e-02 -1.2665220240e-02
+4.4188458290e-02 -1.2094795930e-02
+4.4300542720e-02 -1.1526893260e-02
+4.4425927760e-02 -1.0961777480e-02
+4.4564581730e-02 -1.0398607570e-02
+4.4725033420e-02 -9.8067256620e-03
+4.4915770060e-02 -9.1660118020e-03
+4.5140765860e-02 -8.4770055330e-03
+4.5404241110e-02 -7.7406052730e-03
+4.5710652750e-02 -6.9581183300e-03
+4.6064601270e-02 -6.1312723170e-03
+4.6470383790e-02 -5.2620625470e-03
+4.6932009120e-02 -4.3527300030e-03
+4.7453174820e-02 -3.4057487820e-03
+4.8037180800e-02 -2.4237446100e-03
+4.8686847410e-02 -1.4094174110e-03
+4.9404461710e-02 -3.6543607400e-04
+5.0191727090e-02 +7.0564811420e-04
+5.1049737760e-02 +1.8015014290e-03
+5.1979412440e-02 +2.9197248330e-03
+5.2982226400e-02 +4.0572135030e-03
+5.4059320960e-02 +5.2108374850e-03
+5.5211319480e-02 +6.3776463160e-03
+5.6438320830e-02 +7.5549429080e-03
+5.7739903540e-02 +8.7403520250e-03
+5.9115264750e-02 +9.9317349760e-03
+6.0563778960e-02 +1.1126562450e-02
+6.2084585870e-02 +1.2322363080e-02
+6.3676394080e-02 +1.3516999670e-02
+6.5337500630e-02 +1.4708710420e-02
+6.7065817160e-02 +1.5896139030e-02
+6.8859201830e-02 +1.7077893350e-02
+7.0715778200e-02 +1.8252033300e-02
+7.2633433470e-02 +1.9416803820e-02
+7.4609770960e-02 +2.0570749800e-02
+7.6642231760e-02 +2.1712554120e-02
+7.8728251720e-02 +2.2840775430e-02
+8.0865085810e-02 +2.3954173790e-02
+8.3049796190e-02 +2.5051771430e-02
+8.5279330150e-02 +2.6132741230e-02
+8.7550717880e-02 +2.7196015210e-02
+8.9860916020e-02 +2.8240608820e-02
+9.2206764640e-02 +2.9265746050e-02
+9.4585038320e-02 +3.0270782940e-02
+9.6992550200e-02 +3.1254970790e-02
+9.9426089040e-02 +3.2217665110e-02
+1.0188238710e-01 +3.3158385350e-02
+1.0435817890e-01 +3.4076734620e-02
+1.0685025630e-01 +3.4972262160e-02
+1.0935541820e-01 +3.5844624990e-02
+1.1187047190e-01 +3.6693610570e-02
+1.1439228570e-01 +3.7519047430e-02
+1.1691779090e-01 +3.8320751300e-02
+1.1944397450e-01 +3.9098641800e-02
+1.2196788040e-01 +3.9852730880e-02
+1.2448667040e-01 +4.0582948970e-02
+1.2699761910e-01 +4.1289169940e-02
+1.2949807830e-01 +4.1971351460e-02
+1.3198546600e-01 +4.2629599790e-02
+1.3445713410e-01 +4.3264718260e-02
+1.3691046830e-01 +4.3877896220e-02
+1.3934298860e-01 +4.4470342180e-02
+1.4175251400e-01 +4.5042583480e-02
+1.4413827690e-01 +4.5589549460e-02
+1.4650002290e-01 +4.6103797850e-02
+1.4883724050e-01 +4.6578460280e-02
+1.5114910580e-01 +4.7007335040e-02
+1.5343380840e-01 +4.7388912070e-02
+1.5568841710e-01 +4.7729216820e-02
+1.5791032460e-01 +4.8034709080e-02
+1.6009733660e-01 +4.8311426910e-02
+1.6224760990e-01 +4.8564962370e-02
+1.6435964620e-01 +4.8800004050e-02
+1.6643232500e-01 +4.9019505590e-02
+1.6852158580e-01 +4.9231599750e-02
+1.7062051050e-01 +4.9437446320e-02
+1.7273624600e-01 +4.9639681670e-02
+1.7486861550e-01 +4.9840279190e-02
+1.7701745820e-01 +5.0041111340e-02
+1.7918274400e-01 +5.0242670940e-02
+1.8136450040e-01 +5.0444812050e-02
+1.8356275350e-01 +5.0647379390e-02
+1.8577752750e-01 +5.0850211200e-02
+1.8800884480e-01 +5.1053139110e-02
+1.9025672580e-01 +5.1255988010e-02
+1.9252118840e-01 +5.1458575880e-02
+1.9480224960e-01 +5.1660713830e-02
+1.9709992290e-01 +5.1862205780e-02
+1.9941422010e-01 +5.2062848450e-02
+2.0174515040e-01 +5.2262431240e-02
+2.0409272050e-01 +5.2460736090e-02
+2.0645693450e-01 +5.2657537390e-02
+2.0883779340e-01 +5.2852608550e-02
+2.1123528490e-01 +5.3045843040e-02
+2.1364938480e-01 +5.3237247460e-02
+2.1608006570e-01 +5.3426834980e-02
+2.1852729760e-01 +5.3614621500e-02
+2.2099104750e-01 +5.3800625710e-02
+2.2347127950e-01 +5.3984869120e-02
+2.2596795480e-01 +5.4167376160e-02
+2.2848103160e-01 +5.4348174210e-02
+2.3101046540e-01 +5.4527293680e-02
+2.3355620830e-01 +5.4704768040e-02
+2.3611820960e-01 +5.4880633890e-02
+2.3869641550e-01 +5.5054931040e-02
+2.4129076910e-01 +5.5227702500e-02
+2.4390121030e-01 +5.5398994620e-02
+2.4652767590e-01 +5.5568857050e-02
+2.4917009930e-01 +5.5737342840e-02
+2.5182841110e-01 +5.5904508500e-02
+2.5450253830e-01 +5.6070413980e-02
+2.5719240460e-01 +5.6235122800e-02
+2.5989793070e-01 +5.6398701070e-02
+2.6261903860e-01 +5.6561135020e-02
+2.6535565600e-01 +5.6722263630e-02
+2.6810770760e-01 +5.6881906390e-02
+2.7087511480e-01 +5.7039878090e-02
+2.7365779530e-01 +5.7195988700e-02
+2.7645566310e-01 +5.7350043460e-02
+2.7926862850e-01 +5.7501842830e-02
+2.8209659770e-01 +5.7651182530e-02
+2.8493947340e-01 +5.7797853550e-02
+2.8779715360e-01 +5.7941649030e-02
+2.9066952470e-01 +5.8082516270e-02
+2.9355646170e-01 +5.8220562360e-02
+2.9645783580e-01 +5.8355906550e-02
+2.9937351500e-01 +5.8488673540e-02
+3.0230336370e-01 +5.8618993470e-02
+3.0524724320e-01 +5.8747001910e-02
+3.0820501100e-01 +5.8872839910e-02
+3.1117652150e-01 +5.8996653960e-02
+3.1416162530e-01 +5.9118595990e-02
+3.1716016980e-01 +5.9238820320e-02
+3.2017200340e-01 +5.9357372480e-02
+3.2319697630e-01 +5.9474154120e-02
+3.2623493550e-01 +5.9589055880e-02
+3.2928572390e-01 +5.9701966720e-02
+3.3234918050e-01 +5.9812773990e-02
+3.3542514060e-01 +5.9921363440e-02
+3.3851343550e-01 +6.0027619290e-02
+3.4161389250e-01 +6.0131424230e-02
+3.4472633570e-01 +6.0232659570e-02
+3.4785058220e-01 +6.0331211870e-02
+3.5098644770e-01 +6.0427024640e-02
+3.5413374030e-01 +6.0520071050e-02
+3.5729226530e-01 +6.0610325310e-02
+3.6046182410e-01 +6.0697762460e-02
+3.6364221430e-01 +6.0782358390e-02
+3.6683323010e-01 +6.0864089850e-02
+3.7003466190e-01 +6.0942934490e-02
+3.7324629650e-01 +6.1018870840e-02
+3.7646791710e-01 +6.1091878370e-02
+3.7969930330e-01 +6.1161937470e-02
+3.8294023130e-01 +6.1229029500e-02
+3.8619047360e-01 +6.1293136760e-02
+3.8944979930e-01 +6.1354242580e-02
+3.9271797400e-01 +6.1412331240e-02
+3.9599476000e-01 +6.1467388080e-02
+3.9927991610e-01 +6.1519399440e-02
+4.0257319780e-01 +6.1568352710e-02
+4.0587435450e-01 +6.1614236280e-02
+4.0918314380e-01 +6.1657037600e-02
+4.1249930290e-01 +6.1696731860e-02
+4.1582257770e-01 +6.1733290480e-02
+4.1915270770e-01 +6.1766685700e-02
+4.2248942940e-01 +6.1796890630e-02
+4.2583247630e-01 +6.1823879280e-02
+4.2918157890e-01 +6.1847626570e-02
+4.3253646470e-01 +6.1868108380e-02
+4.3589685830e-01 +6.1885301560e-02
+4.3926248140e-01 +6.1899183940e-02
+4.4263305320e-01 +6.1909734360e-02
+4.4600828980e-01 +6.1916932730e-02
+4.4938790490e-01 +6.1920759970e-02
+4.5277160980e-01 +6.1921198110e-02
+4.5615911280e-01 +6.1918230260e-02
+4.5955012020e-01 +6.1911840660e-02
+4.6294433580e-01 +6.1902014670e-02
+4.6634146120e-01 +6.1888738820e-02
+4.6974119550e-01 +6.1872000900e-02
+4.7314323340e-01 +6.1851795230e-02
+4.7654727800e-01 +6.1828125570e-02
+4.7995301470e-01 +6.1800997710e-02
+4.8336013760e-01 +6.1770418690e-02
+4.8676833650e-01 +6.1736396820e-02
+4.9017729930e-01 +6.1698941700e-02
+4.9358671250e-01 +6.1658064190e-02
+4.9699626120e-01 +6.1613776460e-02
+5.0040562620e-01 +6.1566091950e-02
+5.0381449740e-01 +6.1515018150e-02
+5.0722254770e-01 +6.1460544160e-02
+5.1062945900e-01 +6.1402656790e-02
+5.1403490940e-01 +6.1341344220e-02
+5.1743857610e-01 +6.1276595980e-02
+5.2084013530e-01 +6.1208402980e-02
+5.2423926240e-01 +6.1136757530e-02
+5.2763562870e-01 +6.1061653430e-02
+5.3102891840e-01 +6.0983085600e-02
+5.3441879480e-01 +6.0901050890e-02
+5.3780493440e-01 +6.0815547300e-02
+5.4118700990e-01 +6.0726574400e-02
+5.4456469380e-01 +6.0634133270e-02
+5.4793765840e-01 +6.0538226470e-02
+5.5130557630e-01 +6.0438858130e-02
+5.5466811980e-01 +6.0336033890e-02
+5.5802496170e-01 +6.0229760950e-02
+5.6137577480e-01 +6.0120048060e-02
+5.6472023270e-01 +6.0006907900e-02
+5.6805801040e-01 +5.9890387760e-02
+5.7138878470e-01 +5.9770560430e-02
+5.7471223320e-01 +5.9647500050e-02
+5.7802803450e-01 +5.9521281510e-02
+5.8133586840e-01 +5.9391980410e-02
+5.8463541570e-01 +5.9259672990e-02
+5.8792635850e-01 +5.9124436060e-02
+5.9120838060e-01 +5.8986347000e-02
+5.9448116680e-01 +5.8845483670e-02
+5.9774440380e-01 +5.8701924360e-02
+6.0099778000e-01 +5.8555747720e-02
+6.0424098530e-01 +5.8407032780e-02
+6.0747371160e-01 +5.8255858820e-02
+6.1069565280e-01 +5.8102305350e-02
+6.1390650490e-01 +5.7946452060e-02
+6.1710596570e-01 +5.7788378780e-02
+6.2029373570e-01 +5.7628165390e-02
+6.2346951730e-01 +5.7465891810e-02
+6.2663301350e-01 +5.7301599470e-02
+6.2978391070e-01 +5.7134969000e-02
+6.3292188640e-01 +5.6965492740e-02
+6.3604661970e-01 +5.6792675590e-02
+6.3915779090e-01 +5.6616037520e-02
+6.4225508200e-01 +5.6435113840e-02
+6.4533817610e-01 +5.6249455610e-02
+6.4840675740e-01 +5.6058629900e-02
+6.5146051360e-01 +5.5862300740e-02
+6.5449928090e-01 +5.5662177090e-02
+6.5752298390e-01 +5.5461386480e-02
+6.6053138510e-01 +5.5260410060e-02
+6.6352421300e-01 +5.5059054490e-02
+6.6650119290e-01 +5.4857134110e-02
+6.6946205540e-01 +5.4654470490e-02
+6.7240653430e-01 +5.4450892650e-02
+6.7533436800e-01 +5.4246237020e-02
+6.7824529780e-01 +5.4040347620e-02
+6.8113906920e-01 +5.3833076040e-02
+6.8401543140e-01 +5.3624281490e-02
+6.8687413750e-01 +5.3413830850e-02
+6.8971494570e-01 +5.3201598550e-02
+6.9253761170e-01 +5.2987462360e-02
+6.9534190460e-01 +5.2771280930e-02
+6.9812758940e-01 +5.2552913650e-02
+7.0089443410e-01 +5.2332231210e-02
+7.0364222760e-01 +5.2109239330e-02
+7.0637077110e-01 +5.1884147090e-02
+7.0907987820e-01 +5.1657175970e-02
+7.1176936340e-01 +5.1428542450e-02
+7.1443905590e-01 +5.1198456650e-02
+7.1708876800e-01 +5.0967125180e-02
+7.1971833850e-01 +5.0734747240e-02
+7.2232759940e-01 +5.0501517510e-02
+7.2491638730e-01 +5.0267599350e-02
+7.2748451460e-01 +5.0032839270e-02
+7.3003180730e-01 +4.9797188150e-02
+7.3255810620e-01 +4.9560707940e-02
+7.3506325680e-01 +4.9323461320e-02
+7.3754710920e-01 +4.9085511600e-02
+7.4000951840e-01 +4.8846922700e-02
+7.4245034440e-01 +4.8607759080e-02
+7.4486945160e-01 +4.8368085720e-02
+7.4726670680e-01 +4.8127968310e-02
+7.4964199200e-01 +4.7887471890e-02
+7.5199517920e-01 +4.7646664250e-02
+7.5432615390e-01 +4.7405618060e-02
+7.5663480620e-01 +4.7164408080e-02
+7.5892103410e-01 +4.6923108440e-02
+7.6118473170e-01 +4.6681793880e-02
+7.6342580500e-01 +4.6440538070e-02
+7.6564416260e-01 +4.6199414500e-02
+7.6783971790e-01 +4.5958496190e-02
+7.7001238920e-01 +4.5717855730e-02
+7.7216209940e-01 +4.5477565180e-02
+7.7428877470e-01 +4.5237696240e-02
+7.7639235380e-01 +4.4998317750e-02
+7.7847276140e-01 +4.4759484560e-02
+7.8052994350e-01 +4.4521240130e-02
+7.8256384150e-01 +4.4283629800e-02
+7.8457440360e-01 +4.4046699660e-02
+7.8656158260e-01 +4.3810496720e-02
+7.8852533600e-01 +4.3575068780e-02
+7.9046562570e-01 +4.3340464410e-02
+7.9238241860e-01 +4.3106732840e-02
+7.9427568590e-01 +4.2873923900e-02
+7.9614540320e-01 +4.2642087930e-02
+7.9799155080e-01 +4.2411275750e-02
+7.9981411410e-01 +4.2181538440e-02
+8.0161308070e-01 +4.1952933590e-02
+8.0338845090e-01 +4.1725549100e-02
+8.0514022740e-01 +4.1499480880e-02
+8.0686841750e-01 +4.1274821260e-02
+8.0857303260e-01 +4.1051659140e-02
+8.1025408760e-01 +4.0830080030e-02
+8.1191160140e-01 +4.0610166120e-02
+8.1354559650e-01 +4.0391996330e-02
+8.1515609910e-01 +4.0175646360e-02
+8.1674313880e-01 +3.9961188780e-02
+8.1830674920e-01 +3.9748693060e-02
+8.1984696700e-01 +3.9538225650e-02
+8.2136383240e-01 +3.9329850020e-02
+8.2285738920e-01 +3.9123626740e-02
+8.2432768430e-01 +3.8919613540e-02
+8.2577476660e-01 +3.8717863280e-02
+8.2719868680e-01 +3.8518383210e-02
+8.2859948720e-01 +3.8321145570e-02
+8.2997721840e-01 +3.8126125730e-02
+8.3133193400e-01 +3.7933304210e-02
+8.3266369150e-01 +3.7742666210e-02
+8.3397255200e-01 +3.7554201310e-02
+8.3525858060e-01 +3.7367903250e-02
+8.3652184590e-01 +3.7183769600e-02
+8.3776241970e-01 +3.7001801590e-02
+8.3898037840e-01 +3.6822003650e-02
+8.4017580060e-01 +3.6644383430e-02
+8.4134876880e-01 +3.6468951390e-02
+8.4249936860e-01 +3.6295720620e-02
+8.4362768850e-01 +3.6124706570e-02
+8.4473382060e-01 +3.5955926870e-02
+8.4581785930e-01 +3.5789401080e-02
+8.4687990260e-01 +3.5625150520e-02
+8.4792005070e-01 +3.5463198030e-02
+8.4893840680e-01 +3.5303567810e-02
+8.4993507490e-01 +3.5146285510e-02
+8.5091016920e-01 +3.4991376530e-02
+8.5186379460e-01 +3.4838869000e-02
+8.5279606640e-01 +3.4688790430e-02
+8.5370710020e-01 +3.4541169090e-02
+8.5459701380e-01 +3.4396033590e-02
+8.5546592710e-01 +3.4253412690e-02
+8.5631396220e-01 +3.4113335210e-02
+8.5714124310e-01 +3.3975829840e-02
+8.5794789570e-01 +3.3840925080e-02
+8.5873404790e-01 +3.3708649090e-02
+8.5949982910e-01 +3.3579029580e-02
+8.6024537060e-01 +3.3452093720e-02
+8.6097080530e-01 +3.3327868030e-02
+8.6167626740e-01 +3.3206378290e-02
+8.6236189260e-01 +3.3087649530e-02
+8.6302781860e-01 +3.2971705710e-02
+8.6367418380e-01 +3.2858569950e-02
+8.6430112780e-01 +3.2748264320e-02
+8.6490879170e-01 +3.2640809760e-02
+8.6549731750e-01 +3.2536226030e-02
+8.6606684840e-01 +3.2434531710e-02
+8.6661752850e-01 +3.2335744080e-02
+8.6714950280e-01 +3.2239879160e-02
+8.6766291710e-01 +3.2146951590e-02
+8.6815791820e-01 +3.2056974640e-02
+8.6863465340e-01 +3.1969960190e-02
+8.6909327080e-01 +3.1885918680e-02
+8.6953391910e-01 +3.1804859100e-02
+8.6995674740e-01 +3.1726788980e-02
+8.7036190570e-01 +3.1651714380e-02
+8.7074954400e-01 +3.1579639850e-02
+8.7111981290e-01 +3.1510568460e-02
+8.7147286340e-01 +3.1444501790e-02
+8.7180884670e-01 +3.1381439920e-02
+8.7212791430e-01 +3.1321381450e-02
+8.7243021780e-01 +3.1264323480e-02
+8.7271590920e-01 +3.1210261650e-02
+8.7298514040e-01 +3.1159190140e-02
+8.7323806340e-01 +3.1111101690e-02
+8.7347483040e-01 +3.1065987600e-02
+8.7369559320e-01 +3.1023837770e-02
+8.7390050410e-01 +3.0984640720e-02
+8.7409693000e-01 +3.0946999790e-02
+8.7404604260e-01 +3.0869599900e-02
+8.7399515510e-01 +3.0792200010e-02
+8.7394426760e-01 +3.0714800120e-02
