0.200000 0.200000
0.200000 0.202000
0.200000 0.204000
0.200000 0.206000
0.200000 0.208000
0.200000 0.210000
0.200000 0.212000
0.200000 0.214000
0.200000 0.216000
0.200000 0.218000
0.200000 0.220000
0.200000 0.222000
0.200000 0.224000
0.200000 0.226000
0.200000 0.228000
0.200000 0.230000
0.200000 0.232000
0.200000 0.234000
0.200000 0.236000
0.200000 0.238000
0.200000 0.240000
0.200000 0.242000
0.200000 0.244000
0.200000 0.246000
0.200000 0.248000
0.200000 0.250000
0.200000 0.252000
0.200000 0.254000
0.200000 0.256000
0.200000 0.258000
0.200000 0.260000
0.200000 0.262000
0.200000 0.264000
0.200000 0.266000
0.200000 0.268000
0.200000 0.270000
0.200000 0.272000
0.200000 0.274000
0.200000 0.276000
0.200000 0.278000
0.200000 0.280000
0.200000 0.282000
0.200000 0.284000
0.200000 0.286000
0.200000 0.288000
0.200000 0.290000
0.200000 0.292000
0.200000 0.294000
0.200000 0.296000
0.200000 0.298000
0.200000 0.300000
0.200000 0.302000
0.200000 0.304000
0.200000 0.306000
0.200000 0.308000
0.200000 0.310000
0.200000 0.312000
0.200000 0.314000
0.200000 0.316000
0.200000 0.318000
0.200000 0.320000
0.200000 0.322000
0.200000 0.324000
0.200000 0.326000
0.200000 0.328000
0.200000 0.330000
0.200000 0.332000
0.200000 0.334000
0.200000 0.336000
0.200000 0.338000
0.200000 0.340000
0.200000 0.342000
0.200000 0.344000
0.200000 0.346000
0.200000 0.348000
0.200000 0.350000
0.200000 0.352000
0.200000 0.354000
0.200000 0.356000
0.200000 0.358000
0.200000 0.360000
0.200000 0.362000
0.200000 0.364000
0.200000 0.366000
0.200000 0.368000
0.200000 0.370000
0.200000 0.372000
0.200000 0.374000
0.200000 0.376000
0.200000 0.378000
0.200000 0.380000
0.200000 0.382000
0.200000 0.384000
0.200000 0.386000
0.200000 0.388000
0.200000 0.390000
0.200000 0.392000
0.200000 0.394000
0.200000 0.396000
0.200000 0.398000
0.200000 0.400000
0.200000 0.402000
0.200000 0.404000
0.200000 0.406000
0.200000 0.408000
0.200000 0.410000
0.200000 0.412000
0.200000 0.414000
0.200000 0.416000
0.200000 0.418000
0.200000 0.420000
0.200000 0.422000
0.200000 0.424000
0.200000 0.426000
0.200000 0.428000
0.200000 0.430000
0.200000 0.432000
0.200000 0.434000
0.200000 0.436000
0.200000 0.438000
0.200000 0.440000
0.200000 0.442000
0.200000 0.444000
0.200000 0.446000
0.200000 0.448000
0.200000 0.450000
0.200000 0.452000
0.200000 0.454000
0.200000 0.456000
0.200000 0.458000
0.200000 0.460000
0.200000 0.462000
0.200000 0.464000
0.200000 0.466000
0.200000 0.468000
0.200000 0.470000
0.200000 0.472000
0.200000 0.474000
0.200000 0.476000
0.200000 0.478000
0.200000 0.480000
0.200000 0.482000
0.200000 0.484000
0.200000 0.486000
0.200000 0.488000
0.200000 0.490000
0.200000 0.492000
0.200000 0.494000
0.200000 0.496000
0.200000 0.498000
0.200000 0.500000
0.200000 0.502000
0.200000 0.504000
0.200000 0.506000
0.200000 0.508000
0.200000 0.510000
0.200000 0.512000
0.200000 0.514000
0.200000 0.516000
0.200000 0.518000
0.200000 0.520000
0.200000 0.522000
0.200000 0.524000
0.200000 0.526000
0.200000 0.528000
0.200000 0.530000
0.200000 0.532000
0.200000 0.534000
0.200000 0.536000
0.200000 0.538000
0.200000 0.540000
0.200000 0.542000
0.200000 0.544000
0.200000 0.546000
0.200000 0.548000
0.200000 0.550000
0.200000 0.552000
0.200000 0.554000
0.200000 0.556000
0.200000 0.558000
0.200000 0.560000
0.200000 0.562000
0.200000 0.564000
0.200000 0.566000
0.200000 0.568000
0.200000 0.570000
0.200000 0.572000
0.200000 0.574000
0.200000 0.576000
0.200000 0.578000
0.200000 0.580000
0.200000 0.582000
0.200000 0.584000
0.200000 0.586000
0.200000 0.588000
0.200000 0.590000
0.200000 0.592000
0.200000 0.594000
0.200000 0.596000
0.200000 0.598000
0.200000 0.600000
0.200000 0.602000
0.200000 0.604000
0.200000 0.606000
0.200000 0.608000
0.200000 0.610000
0.200000 0.612000
0.200000 0.614000
0.200000 0.616000
0.200000 0.618000
0.200000 0.620000
0.200000 0.622000
0.200000 0.624000
0.200000 0.626000
0.200000 0.628000
0.200000 0.630000
0.200000 0.632000
0.200000 0.634000
0.200000 0.636000
0.200000 0.638000
0.200000 0.640000
0.200000 0.642000
0.200000 0.644000
0.200000 0.646000
0.200000 0.648000
0.200000 0.650000
0.200000 0.652000
0.200000 0.654000
0.200000 0.656000
0.200000 0.658000
0.200000 0.660000
0.200000 0.662000
0.200000 0.664000
0.200000 0.666000
0.200000 0.668000
0.200000 0.670000
0.200000 0.672000
0.200000 0.674000
0.200000 0.676000
0.200000 0.678000
0.200000 0.680000
0.200000 0.682000
0.200000 0.684000
0.200000 0.686000
0.200000 0.688000
0.200000 0.690000
0.200000 0.692000
0.200000 0.694000
0.200000 0.696000
0.200000 0.698000
0.200000 0.700000
0.200000 0.702000
0.200000 0.704000
0.200000 0.706000
0.200000 0.708000
0.200000 0.710000
0.200000 0.712000
0.200000 0.714000
0.200000 0.716000
0.200000 0.718000
0.200000 0.720000
0.200000 0.722000
0.200000 0.724000
0.200000 0.726000
0.200000 0.728000
0.200000 0.730000
0.200000 0.732000
0.200000 0.734000
0.200000 0.736000
0.200000 0.738000
0.200000 0.740000
0.200000 0.742000
0.200000 0.744000
0.200000 0.746000
0.200000 0.748000
0.200000 0.750000
0.200000 0.752000
0.200000 0.754000
0.200000 0.756000
0.200000 0.758000
0.200000 0.760000
0.200000 0.762000
0.200000 0.764000
0.200000 0.766000
0.200000 0.768000
0.200000 0.770000
0.200000 0.772000
0.200000 0.774000
0.200000 0.776000
0.200000 0.778000
0.200000 0.780000
0.200000 0.782000
0.200000 0.784000
0.200000 0.786000
0.200000 0.788000
0.200000 0.790000
0.200000 0.792000
0.200000 0.794000
0.200000 0.796000
0.200000 0.798000
0.200000 0.800000
0.202000 0.800000
0.204000 0.800000
0.206000 0.800000
0.208000 0.800000
0.210000 0.800000
0.212000 0.800000
0.214000 0.800000
0.216000 0.800000
0.218000 0.800000
0.220000 0.800000
0.222000 0.800000
0.224000 0.800000
0.226000 0.800000
0.228000 0.800000
0.230000 0.800000
0.232000 0.800000
0.234000 0.800000
0.236000 0.800000
0.238000 0.800000
0.240000 0.800000
0.242000 0.800000
0.244000 0.800000
0.246000 0.800000
0.248000 0.800000
0.250000 0.800000
0.252000 0.800000
0.254000 0.800000
0.256000 0.800000
0.258000 0.800000
0.260000 0.800000
0.262000 0.800000
0.264000 0.800000
0.266000 0.800000
0.268000 0.800000
0.270000 0.800000
0.272000 0.800000
0.274000 0.800000
0.276000 0.800000
0.278000 0.800000
0.280000 0.800000
0.282000 0.800000
0.284000 0.800000
0.286000 0.800000
0.288000 0.800000
0.290000 0.800000
0.292000 0.800000
0.294000 0.800000
0.296000 0.800000
0.298000 0.800000
0.300000 0.800000
0.302000 0.800000
0.304000 0.800000
0.306000 0.800000
0.308000 0.800000
0.310000 0.800000
0.312000 0.800000
0.314000 0.800000
0.316000 0.800000
0.318000 0.800000
0.320000 0.800000
0.322000 0.800000
0.324000 0.800000
0.326000 0.800000
0.328000 0.800000
0.330000 0.800000
0.332000 0.800000
0.334000 0.800000
0.336000 0.800000
0.338000 0.800000
0.340000 0.800000
0.342000 0.800000
0.344000 0.800000
0.346000 0.800000
0.348000 0.800000
0.350000 0.800000
0.352000 0.800000
0.354000 0.800000
0.356000 0.800000
0.358000 0.800000
0.360000 0.800000
0.362000 0.800000
0.364000 0.800000
0.366000 0.800000
0.368000 0.800000
0.370000 0.800000
0.372000 0.800000
0.374000 0.800000
0.376000 0.800000
0.378000 0.800000
0.380000 0.800000
0.382000 0.800000
0.384000 0.800000
0.386000 0.800000
0.388000 0.800000
0.390000 0.800000
0.392000 0.800000
0.394000 0.800000
0.396000 0.800000
0.398000 0.800000
0.400000 0.800000
0.400893 0.798214
0.401786 0.796429
0.402679 0.794643
0.403571 0.792857
0.404464 0.791071
0.405357 0.789286
0.406250 0.787500
0.407143 0.785714
0.408036 0.783929
0.408929 0.782143
0.409821 0.780357
0.410714 0.778571
0.411607 0.776786
0.412500 0.775000
0.413393 0.773214
0.414286 0.771429
0.415179 0.769643
0.416071 0.767857
0.416964 0.766071
0.417857 0.764286
0.418750 0.762500
0.419643 0.760714
0.420536 0.758929
0.421429 0.757143
0.422321 0.755357
0.423214 0.753571
0.424107 0.751786
0.425000 0.750000
0.425893 0.748214
0.426786 0.746429
0.427679 0.744643
0.428571 0.742857
0.429464 0.741071
0.430357 0.739286
0.431250 0.737500
0.432143 0.735714
0.433036 0.733929
0.433929 0.732143
0.434821 0.730357
0.435714 0.728571
0.436607 0.726786
0.437500 0.725000
0.438393 0.723214
0.439286 0.721429
0.440179 0.719643
0.441071 0.717857
0.441964 0.716071
0.442857 0.714286
0.443750 0.712500
0.444643 0.710714
0.445536 0.708929
0.446429 0.707143
0.447321 0.705357
0.448214 0.703571
0.449107 0.701786
0.450000 0.700000
0.450893 0.698214
0.451786 0.696429
0.452679 0.694643
0.453571 0.692857
0.454464 0.691071
0.455357 0.689286
0.456250 0.687500
0.457143 0.685714
0.458036 0.683929
0.458929 0.682143
0.459821 0.680357
0.460714 0.678571
0.461607 0.676786
0.462500 0.675000
0.463393 0.673214
0.464286 0.671429
0.465179 0.669643
0.466071 0.667857
0.466964 0.666071
0.467857 0.664286
0.468750 0.662500
0.469643 0.660714
0.470536 0.658929
0.471429 0.657143
0.472321 0.655357
0.473214 0.653571
0.474107 0.651786
0.475000 0.650000
0.475893 0.648214
0.476786 0.646429
0.477679 0.644643
0.478571 0.642857
0.479464 0.641071
0.480357 0.639286
0.481250 0.637500
0.482143 0.635714
0.483036 0.633929
0.483929 0.632143
0.484821 0.630357
0.485714 0.628571
0.486607 0.626786
0.487500 0.625000
0.488393 0.623214
0.489286 0.621429
0.490179 0.619643
0.491071 0.617857
0.491964 0.616071
0.492857 0.614286
0.493750 0.612500
0.494643 0.610714
0.495536 0.608929
0.496429 0.607143
0.497321 0.605357
0.498214 0.603571
0.499107 0.601786
0.500000 0.600000
0.500893 0.598214
0.501786 0.596429
0.502679 0.594643
0.503571 0.592857
0.504464 0.591071
0.505357 0.589286
0.506250 0.587500
0.507143 0.585714
0.508036 0.583929
0.508929 0.582143
0.509821 0.580357
0.510714 0.578571
0.511607 0.576786
0.512500 0.575000
0.513393 0.573214
0.514286 0.571429
0.515179 0.569643
0.516071 0.567857
0.516964 0.566071
0.517857 0.564286
0.518750 0.562500
0.519643 0.560714
0.520536 0.558929
0.521429 0.557143
0.522321 0.555357
0.523214 0.553571
0.524107 0.551786
0.525000 0.550000
0.525893 0.548214
0.526786 0.546429
0.527679 0.544643
0.528571 0.542857
0.529464 0.541071
0.530357 0.539286
0.531250 0.537500
0.532143 0.535714
0.533036 0.533929
0.533929 0.532143
0.534821 0.530357
0.535714 0.528571
0.536607 0.526786
0.537500 0.525000
0.538393 0.523214
0.539286 0.521429
0.540179 0.519643
0.541071 0.517857
0.541964 0.516071
0.542857 0.514286
0.543750 0.512500
0.544643 0.510714
0.545536 0.508929
0.546429 0.507143
0.547321 0.505357
0.548214 0.503571
0.549107 0.501786
0.550000 0.500000
0.550893 0.498214
0.551786 0.496429
0.552679 0.494643
0.553571 0.492857
0.554464 0.491071
0.555357 0.489286
0.556250 0.487500
0.557143 0.485714
0.558036 0.483929
0.558929 0.482143
0.559821 0.480357
0.560714 0.478571
0.561607 0.476786
0.562500 0.475000
0.563393 0.473214
0.564286 0.471429
0.565179 0.469643
0.566071 0.467857
0.566964 0.466071
0.567857 0.464286
0.568750 0.462500
0.569643 0.460714
0.570536 0.458929
0.571429 0.457143
0.572321 0.455357
0.573214 0.453571
0.574107 0.451786
0.575000 0.450000
0.575893 0.448214
0.576786 0.446429
0.577679 0.444643
0.578571 0.442857
0.579464 0.441071
0.580357 0.439286
0.581250 0.437500
0.582143 0.435714
0.583036 0.433929
0.583929 0.432143
0.584821 0.430357
0.585714 0.428571
0.586607 0.426786
0.587500 0.425000
0.588393 0.423214
0.589286 0.421429
0.590179 0.419643
0.591071 0.417857
0.591964 0.416071
0.592857 0.414286
0.593750 0.412500
0.594643 0.410714
0.595536 0.408929
0.596429 0.407143
0.597321 0.405357
0.598214 0.403571
0.599107 0.401786
0.600000 0.400000
0.600000 0.402000
0.600000 0.404000
0.600000 0.406000
0.600000 0.408000
0.600000 0.410000
0.600000 0.412000
0.600000 0.414000
0.600000 0.416000
0.600000 0.418000
0.600000 0.420000
0.600000 0.422000
0.600000 0.424000
0.600000 0.426000
0.600000 0.428000
0.600000 0.430000
0.600000 0.432000
0.600000 0.434000
0.600000 0.436000
0.600000 0.438000
0.600000 0.440000
0.600000 0.442000
0.600000 0.444000
0.600000 0.446000
0.600000 0.448000
0.600000 0.450000
0.600000 0.452000
0.600000 0.454000
0.600000 0.456000
0.600000 0.458000
0.600000 0.460000
0.600000 0.462000
0.600000 0.464000
0.600000 0.466000
0.600000 0.468000
0.600000 0.470000
0.600000 0.472000
0.600000 0.474000
0.600000 0.476000
0.600000 0.478000
0.600000 0.480000
0.600000 0.482000
0.600000 0.484000
0.600000 0.486000
0.600000 0.488000
0.600000 0.490000
0.600000 0.492000
0.600000 0.494000
0.600000 0.496000
0.600000 0.498000
0.600000 0.500000
0.600000 0.502000
0.600000 0.504000
0.600000 0.506000
0.600000 0.508000
0.600000 0.510000
0.600000 0.512000
0.600000 0.514000
0.600000 0.516000
0.600000 0.518000
0.600000 0.520000
0.600000 0.522000
0.600000 0.524000
0.600000 0.526000
0.600000 0.528000
0.600000 0.530000
0.600000 0.532000
0.600000 0.534000
0.600000 0.536000
0.600000 0.538000
0.600000 0.540000
0.600000 0.542000
0.600000 0.544000
0.600000 0.546000
0.600000 0.548000
0.600000 0.550000
0.600000 0.552000
0.600000 0.554000
0.600000 0.556000
0.600000 0.558000
0.600000 0.560000
0.600000 0.562000
0.600000 0.564000
0.600000 0.566000
0.600000 0.568000
0.600000 0.570000
0.600000 0.572000
0.600000 0.574000
0.600000 0.576000
0.600000 0.578000
0.600000 0.580000
0.600000 0.582000
0.600000 0.584000
0.600000 0.586000
0.600000 0.588000
0.600000 0.590000
0.600000 0.592000
0.600000 0.594000
0.600000 0.596000
0.600000 0.598000
0.600000 0.600000
0.600000 0.602000
0.600000 0.604000
0.600000 0.606000
0.600000 0.608000
0.600000 0.610000
0.600000 0.612000
0.600000 0.614000
0.600000 0.616000
0.600000 0.618000
0.600000 0.620000
0.600000 0.622000
0.600000 0.624000
0.600000 0.626000
0.600000 0.628000
0.600000 0.630000
0.600000 0.632000
0.600000 0.634000
0.600000 0.636000
0.600000 0.638000
0.600000 0.640000
0.600000 0.642000
0.600000 0.644000
0.600000 0.646000
0.600000 0.648000
0.600000 0.650000
0.600000 0.652000
0.600000 0.654000
0.600000 0.656000
0.600000 0.658000
0.600000 0.660000
0.600000 0.662000
0.600000 0.664000
0.600000 0.666000
0.600000 0.668000
0.600000 0.670000
0.600000 0.672000
0.600000 0.674000
0.600000 0.676000
0.600000 0.678000
0.600000 0.680000
0.600000 0.682000
0.600000 0.684000
0.600000 0.686000
0.600000 0.688000
0.600000 0.690000
0.600000 0.692000
0.600000 0.694000
0.600000 0.696000
0.600000 0.698000
0.600000 0.700000
0.600000 0.702000
0.600000 0.704000
0.600000 0.706000
0.600000 0.708000
0.600000 0.710000
0.600000 0.712000
0.600000 0.714000
0.600000 0.716000
0.600000 0.718000
0.600000 0.720000
0.600000 0.722000
0.600000 0.724000
0.600000 0.726000
0.600000 0.728000
0.600000 0.730000
0.600000 0.732000
0.600000 0.734000
0.600000 0.736000
0.600000 0.738000
0.600000 0.740000
0.600000 0.742000
0.600000 0.744000
0.600000 0.746000
0.600000 0.748000
0.600000 0.750000
0.600000 0.752000
0.600000 0.754000
0.600000 0.756000
0.600000 0.758000
0.600000 0.760000
0.600000 0.762000
0.600000 0.764000
0.600000 0.766000
0.600000 0.768000
0.600000 0.770000
0.600000 0.772000
0.600000 0.774000
0.600000 0.776000
0.600000 0.778000
0.600000 0.780000
0.600000 0.782000
0.600000 0.784000
0.600000 0.786000
0.600000 0.788000
0.600000 0.790000
0.600000 0.792000
0.600000 0.794000
0.600000 0.796000
0.600000 0.798000
0.600000 0.800000
0.602000 0.800000
0.604000 0.800000
0.606000 0.800000
0.608000 0.800000
0.610000 0.800000
0.612000 0.800000
0.614000 0.800000
0.616000 0.800000
0.618000 0.800000
0.620000 0.800000
0.622000 0.800000
0.624000 0.800000
0.626000 0.800000
0.628000 0.800000
0.630000 0.800000
0.632000 0.800000
0.634000 0.800000
0.636000 0.800000
0.638000 0.800000
0.640000 0.800000
0.642000 0.800000
0.644000 0.800000
0.646000 0.800000
0.648000 0.800000
0.650000 0.800000
0.652000 0.800000
0.654000 0.800000
0.656000 0.800000
0.658000 0.800000
0.660000 0.800000
0.662000 0.800000
0.664000 0.800000
0.666000 0.800000
0.668000 0.800000
0.670000 0.800000
0.672000 0.800000
0.674000 0.800000
0.676000 0.800000
0.678000 0.800000
0.680000 0.800000
0.682000 0.800000
0.684000 0.800000
0.686000 0.800000
0.688000 0.800000
0.690000 0.800000
0.692000 0.800000
0.694000 0.800000
0.696000 0.800000
0.698000 0.800000
0.700000 0.800000
0.702000 0.800000
0.704000 0.800000
0.706000 0.800000
0.708000 0.800000
0.710000 0.800000
0.712000 0.800000
0.714000 0.800000
0.716000 0.800000
0.718000 0.800000
0.720000 0.800000
0.722000 0.800000
0.724000 0.800000
0.726000 0.800000
0.728000 0.800000
0.730000 0.800000
0.732000 0.800000
0.734000 0.800000
0.736000 0.800000
0.738000 0.800000
0.740000 0.800000
0.742000 0.800000
0.744000 0.800000
0.746000 0.800000
0.748000 0.800000
0.750000 0.800000
0.752000 0.800000
0.754000 0.800000
0.756000 0.800000
0.758000 0.800000
0.760000 0.800000
0.762000 0.800000
0.764000 0.800000
0.766000 0.800000
0.768000 0.800000
0.770000 0.800000
0.772000 0.800000
0.774000 0.800000
0.776000 0.800000
0.778000 0.800000
0.780000 0.800000
0.782000 0.800000
0.784000 0.800000
0.786000 0.800000
0.788000 0.800000
0.790000 0.800000
0.792000 0.800000
0.794000 0.800000
0.796000 0.800000
0.798000 0.800000
0.800000 0.800000
0.800000 0.798000
0.800000 0.796000
0.800000 0.794000
0.800000 0.792000
0.800000 0.790000
0.800000 0.788000
0.800000 0.786000
0.800000 0.784000
0.800000 0.782000
0.800000 0.780000
0.800000 0.778000
0.800000 0.776000
0.800000 0.774000
0.800000 0.772000
0.800000 0.770000
0.800000 0.768000
0.800000 0.766000
0.800000 0.764000
0.800000 0.762000
0.800000 0.760000
0.800000 0.758000
0.800000 0.756000
0.800000 0.754000
0.800000 0.752000
0.800000 0.750000
0.800000 0.748000
0.800000 0.746000
0.800000 0.744000
0.800000 0.742000
0.800000 0.740000
0.800000 0.738000
0.800000 0.736000
0.800000 0.734000
0.800000 0.732000
0.800000 0.730000
0.800000 0.728000
0.800000 0.726000
0.800000 0.724000
0.800000 0.722000
0.800000 0.720000
0.800000 0.718000
0.800000 0.716000
0.800000 0.714000
0.800000 0.712000
0.800000 0.710000
0.800000 0.708000
0.800000 0.706000
0.800000 0.704000
0.800000 0.702000
0.800000 0.700000
0.800000 0.698000
0.800000 0.696000
0.800000 0.694000
0.800000 0.692000
0.800000 0.690000
0.800000 0.688000
0.800000 0.686000
0.800000 0.684000
0.800000 0.682000
0.800000 0.680000
0.800000 0.678000
0.800000 0.676000
0.800000 0.674000
0.800000 0.672000
0.800000 0.670000
0.800000 0.668000
0.800000 0.666000
0.800000 0.664000
0.800000 0.662000
0.800000 0.660000
0.800000 0.658000
0.800000 0.656000
0.800000 0.654000
0.800000 0.652000
0.800000 0.650000
0.800000 0.648000
0.800000 0.646000
0.800000 0.644000
0.800000 0.642000
0.800000 0.640000
0.800000 0.638000
0.800000 0.636000
0.800000 0.634000
0.800000 0.632000
0.800000 0.630000
0.800000 0.628000
0.800000 0.626000
0.800000 0.624000
0.800000 0.622000
0.800000 0.620000
0.800000 0.618000
0.800000 0.616000
0.800000 0.614000
0.800000 0.612000
0.800000 0.610000
0.800000 0.608000
0.800000 0.606000
0.800000 0.604000
0.800000 0.602000
0.800000 0.600000
0.800000 0.598000
0.800000 0.596000
0.800000 0.594000
0.800000 0.592000
0.800000 0.590000
0.800000 0.588000
0.800000 0.586000
0.800000 0.584000
0.800000 0.582000
0.800000 0.580000
0.800000 0.578000
0.800000 0.576000
0.800000 0.574000
0.800000 0.572000
0.800000 0.570000
0.800000 0.568000
0.800000 0.566000
0.800000 0.564000
0.800000 0.562000
0.800000 0.560000
0.800000 0.558000
0.800000 0.556000
0.800000 0.554000
0.800000 0.552000
0.800000 0.550000
0.800000 0.548000
0.800000 0.546000
0.800000 0.544000
0.800000 0.542000
0.800000 0.540000
0.800000 0.538000
0.800000 0.536000
0.800000 0.534000
0.800000 0.532000
0.800000 0.530000
0.800000 0.528000
0.800000 0.526000
0.800000 0.524000
0.800000 0.522000
0.800000 0.520000
0.800000 0.518000
0.800000 0.516000
0.800000 0.514000
0.800000 0.512000
0.800000 0.510000
0.800000 0.508000
0.800000 0.506000
0.800000 0.504000
0.800000 0.502000
0.800000 0.500000
0.800000 0.498000
0.800000 0.496000
0.800000 0.494000
0.800000 0.492000
0.800000 0.490000
0.800000 0.488000
0.800000 0.486000
0.800000 0.484000
0.800000 0.482000
0.800000 0.480000
0.800000 0.478000
0.800000 0.476000
0.800000 0.474000
0.800000 0.472000
0.800000 0.470000
0.800000 0.468000
0.800000 0.466000
0.800000 0.464000
0.800000 0.462000
0.800000 0.460000
0.800000 0.458000
0.800000 0.456000
0.800000 0.454000
0.800000 0.452000
0.800000 0.450000
0.800000 0.448000
0.800000 0.446000
0.800000 0.444000
0.800000 0.442000
0.800000 0.440000
0.800000 0.438000
0.800000 0.436000
0.800000 0.434000
0.800000 0.432000
0.800000 0.430000
0.800000 0.428000
0.800000 0.426000
0.800000 0.424000
0.800000 0.422000
0.800000 0.420000
0.800000 0.418000
0.800000 0.416000
0.800000 0.414000
0.800000 0.412000
0.800000 0.410000
0.800000 0.408000
0.800000 0.406000
0.800000 0.404000
0.800000 0.402000
0.800000 0.400000
0.800000 0.398000
0.800000 0.396000
0.800000 0.394000
0.800000 0.392000
0.800000 0.390000
0.800000 0.388000
0.800000 0.386000
0.800000 0.384000
0.800000 0.382000
0.800000 0.380000
0.800000 0.378000
0.800000 0.376000
0.800000 0.374000
0.800000 0.372000
0.800000 0.370000
0.800000 0.368000
0.800000 0.366000
0.800000 0.364000
0.800000 0.362000
0.800000 0.360000
0.800000 0.358000
0.800000 0.356000
0.800000 0.354000
0.800000 0.352000
0.800000 0.350000
0.800000 0.348000
0.800000 0.346000
0.800000 0.344000
0.800000 0.342000
0.800000 0.340000
0.800000 0.338000
0.800000 0.336000
0.800000 0.334000
0.800000 0.332000
0.800000 0.330000
0.800000 0.328000
0.800000 0.326000
0.800000 0.324000
0.800000 0.322000
0.800000 0.320000
0.800000 0.318000
0.800000 0.316000
0.800000 0.314000
0.800000 0.312000
0.800000 0.310000
0.800000 0.308000
0.800000 0.306000
0.800000 0.304000
0.800000 0.302000
0.800000 0.300000
0.800000 0.298000
0.800000 0.296000
0.800000 0.294000
0.800000 0.292000
0.800000 0.290000
0.800000 0.288000
0.800000 0.286000
0.800000 0.284000
0.800000 0.282000
0.800000 0.280000
0.800000 0.278000
0.800000 0.276000
0.800000 0.274000
0.800000 0.272000
0.800000 0.270000
0.800000 0.268000
0.800000 0.266000
0.800000 0.264000
0.800000 0.262000
0.800000 0.260000
0.800000 0.258000
0.800000 0.256000
0.800000 0.254000
0.800000 0.252000
0.800000 0.250000
0.800000 0.248000
0.800000 0.246000
0.800000 0.244000
0.800000 0.242000
0.800000 0.240000
0.800000 0.238000
0.800000 0.236000
0.800000 0.234000
0.800000 0.232000
0.800000 0.230000
0.800000 0.228000
0.800000 0.226000
0.800000 0.224000
0.800000 0.222000
0.800000 0.220000
0.800000 0.218000
0.800000 0.216000
0.800000 0.214000
0.800000 0.212000
0.800000 0.210000
0.800000 0.208000
0.800000 0.206000
0.800000 0.204000
0.800000 0.202000
0.800000 0.200000
0.798000 0.200000
0.796000 0.200000
0.794000 0.200000
0.792000 0.200000
0.790000 0.200000
0.788000 0.200000
0.786000 0.200000
0.784000 0.200000
0.782000 0.200000
0.780000 0.200000
0.778000 0.200000
0.776000 0.200000
0.774000 0.200000
0.772000 0.200000
0.770000 0.200000
0.768000 0.200000
0.766000 0.200000
0.764000 0.200000
0.762000 0.200000
0.760000 0.200000
0.758000 0.200000
0.756000 0.200000
0.754000 0.200000
0.752000 0.200000
0.750000 0.200000
0.748000 0.200000
0.746000 0.200000
0.744000 0.200000
0.742000 0.200000
0.740000 0.200000
0.738000 0.200000
0.736000 0.200000
0.734000 0.200000
0.732000 0.200000
0.730000 0.200000
0.728000 0.200000
0.726000 0.200000
0.724000 0.200000
0.722000 0.200000
0.720000 0.200000
0.718000 0.200000
0.716000 0.200000
0.714000 0.200000
0.712000 0.200000
0.710000 0.200000
0.708000 0.200000
0.706000 0.200000
0.704000 0.200000
0.702000 0.200000
0.700000 0.200000
0.698000 0.200000
0.696000 0.200000
0.694000 0.200000
0.692000 0.200000
0.690000 0.200000
0.688000 0.200000
0.686000 0.200000
0.684000 0.200000
0.682000 0.200000
0.680000 0.200000
0.678000 0.200000
0.676000 0.200000
0.674000 0.200000
0.672000 0.200000
0.670000 0.200000
0.668000 0.200000
0.666000 0.200000
0.664000 0.200000
0.662000 0.200000
0.660000 0.200000
0.658000 0.200000
0.656000 0.200000
0.654000 0.200000
0.652000 0.200000
0.650000 0.200000
0.648000 0.200000
0.646000 0.200000
0.644000 0.200000
0.642000 0.200000
0.640000 0.200000
0.638000 0.200000
0.636000 0.200000
0.634000 0.200000
0.632000 0.200000
0.630000 0.200000
0.628000 0.200000
0.626000 0.200000
0.624000 0.200000
0.622000 0.200000
0.620000 0.200000
0.618000 0.200000
0.616000 0.200000
0.614000 0.200000
0.612000 0.200000
0.610000 0.200000
0.608000 0.200000
0.606000 0.200000
0.604000 0.200000
0.602000 0.200000
0.600000 0.200000
0.599107 0.201786
0.598214 0.203571
0.597321 0.205357
0.596429 0.207143
0.595536 0.208929
0.594643 0.210714
0.593750 0.212500
0.592857 0.214286
0.591964 0.216071
0.591071 0.217857
0.590179 0.219643
0.589286 0.221429
0.588393 0.223214
0.587500 0.225000
0.586607 0.226786
0.585714 0.228571
0.584821 0.230357
0.583929 0.232143
0.583036 0.233929
0.582143 0.235714
0.581250 0.237500
0.580357 0.239286
0.579464 0.241071
0.578571 0.242857
0.577679 0.244643
0.576786 0.246429
0.575893 0.248214
0.575000 0.250000
0.574107 0.251786
0.573214 0.253571
0.572321 0.255357
0.571429 0.257143
0.570536 0.258929
0.569643 0.260714
0.568750 0.262500
0.567857 0.264286
0.566964 0.266071
0.566071 0.267857
0.565179 0.269643
0.564286 0.271429
0.563393 0.273214
0.562500 0.275000
0.561607 0.276786
0.560714 0.278571
0.559821 0.280357
0.558929 0.282143
0.558036 0.283929
0.557143 0.285714
0.556250 0.287500
0.555357 0.289286
0.554464 0.291071
0.553571 0.292857
0.552679 0.294643
0.551786 0.296429
0.550893 0.298214
0.550000 0.300000
0.549107 0.301786
0.548214 0.303571
0.547321 0.305357
0.546429 0.307143
0.545536 0.308929
0.544643 0.310714
0.543750 0.312500
0.542857 0.314286
0.541964 0.316071
0.541071 0.317857
0.540179 0.319643
0.539286 0.321429
0.538393 0.323214
0.537500 0.325000
0.536607 0.326786
0.535714 0.328571
0.534821 0.330357
0.533929 0.332143
0.533036 0.333929
0.532143 0.335714
0.531250 0.337500
0.530357 0.339286
0.529464 0.341071
0.528571 0.342857
0.527679 0.344643
0.526786 0.346429
0.525893 0.348214
0.525000 0.350000
0.524107 0.351786
0.523214 0.353571
0.522321 0.355357
0.521429 0.357143
0.520536 0.358929
0.519643 0.360714
0.518750 0.362500
0.517857 0.364286
0.516964 0.366071
0.516071 0.367857
0.515179 0.369643
0.514286 0.371429
0.513393 0.373214
0.512500 0.375000
0.511607 0.376786
0.510714 0.378571
0.509821 0.380357
0.508929 0.382143
0.508036 0.383929
0.507143 0.385714
0.506250 0.387500
0.505357 0.389286
0.504464 0.391071
0.503571 0.392857
0.502679 0.394643
0.501786 0.396429
0.500893 0.398214
0.500000 0.400000
0.499107 0.401786
0.498214 0.403571
0.497321 0.405357
0.496429 0.407143
0.495536 0.408929
0.494643 0.410714
0.493750 0.412500
0.492857 0.414286
0.491964 0.416071
0.491071 0.417857
0.490179 0.419643
0.489286 0.421429
0.488393 0.423214
0.487500 0.425000
0.486607 0.426786
0.485714 0.428571
0.484821 0.430357
0.483929 0.432143
0.483036 0.433929
0.482143 0.435714
0.481250 0.437500
0.480357 0.439286
0.479464 0.441071
0.478571 0.442857
0.477679 0.444643
0.476786 0.446429
0.475893 0.448214
0.475000 0.450000
0.474107 0.451786
0.473214 0.453571
0.472321 0.455357
0.471429 0.457143
0.470536 0.458929
0.469643 0.460714
0.468750 0.462500
0.467857 0.464286
0.466964 0.466071
0.466071 0.467857
0.465179 0.469643
0.464286 0.471429
0.463393 0.473214
0.462500 0.475000
0.461607 0.476786
0.460714 0.478571
0.459821 0.480357
0.458929 0.482143
0.458036 0.483929
0.457143 0.485714
0.456250 0.487500
0.455357 0.489286
0.454464 0.491071
0.453571 0.492857
0.452679 0.494643
0.451786 0.496429
0.450893 0.498214
0.450000 0.500000
0.449107 0.501786
0.448214 0.503571
0.447321 0.505357
0.446429 0.507143
0.445536 0.508929
0.444643 0.510714
0.443750 0.512500
0.442857 0.514286
0.441964 0.516071
0.441071 0.517857
0.440179 0.519643
0.439286 0.521429
0.438393 0.523214
0.437500 0.525000
0.436607 0.526786
0.435714 0.528571
0.434821 0.530357
0.433929 0.532143
0.433036 0.533929
0.432143 0.535714
0.431250 0.537500
0.430357 0.539286
0.429464 0.541071
0.428571 0.542857
0.427679 0.544643
0.426786 0.546429
0.425893 0.548214
0.425000 0.550000
0.424107 0.551786
0.423214 0.553571
0.422321 0.555357
0.421429 0.557143
0.420536 0.558929
0.419643 0.560714
0.418750 0.562500
0.417857 0.564286
0.416964 0.566071
0.416071 0.567857
0.415179 0.569643
0.414286 0.571429
0.413393 0.573214
0.412500 0.575000
0.411607 0.576786
0.410714 0.578571
0.409821 0.580357
0.408929 0.582143
0.408036 0.583929
0.407143 0.585714
0.406250 0.587500
0.405357 0.589286
0.404464 0.591071
0.403571 0.592857
0.402679 0.594643
0.401786 0.596429
0.400893 0.598214
0.400000 0.600000
0.400000 0.598000
0.400000 0.596000
0.400000 0.594000
0.400000 0.592000
0.400000 0.590000
0.400000 0.588000
0.400000 0.586000
0.400000 0.584000
0.400000 0.582000
0.400000 0.580000
0.400000 0.578000
0.400000 0.576000
0.400000 0.574000
0.400000 0.572000
0.400000 0.570000
0.400000 0.568000
0.400000 0.566000
0.400000 0.564000
0.400000 0.562000
0.400000 0.560000
0.400000 0.558000
0.400000 0.556000
0.400000 0.554000
0.400000 0.552000
0.400000 0.550000
0.400000 0.548000
0.400000 0.546000
0.400000 0.544000
0.400000 0.542000
0.400000 0.540000
0.400000 0.538000
0.400000 0.536000
0.400000 0.534000
0.400000 0.532000
0.400000 0.530000
0.400000 0.528000
0.400000 0.526000
0.400000 0.524000
0.400000 0.522000
0.400000 0.520000
0.400000 0.518000
0.400000 0.516000
0.400000 0.514000
0.400000 0.512000
0.400000 0.510000
0.400000 0.508000
0.400000 0.506000
0.400000 0.504000
0.400000 0.502000
0.400000 0.500000
0.400000 0.498000
0.400000 0.496000
0.400000 0.494000
0.400000 0.492000
0.400000 0.490000
0.400000 0.488000
0.400000 0.486000
0.400000 0.484000
0.400000 0.482000
0.400000 0.480000
0.400000 0.478000
0.400000 0.476000
0.400000 0.474000
0.400000 0.472000
0.400000 0.470000
0.400000 0.468000
0.400000 0.466000
0.400000 0.464000
0.400000 0.462000
0.400000 0.460000
0.400000 0.458000
0.400000 0.456000
0.400000 0.454000
0.400000 0.452000
0.400000 0.450000
0.400000 0.448000
0.400000 0.446000
0.400000 0.444000
0.400000 0.442000
0.400000 0.440000
0.400000 0.438000
0.400000 0.436000
0.400000 0.434000
0.400000 0.432000
0.400000 0.430000
0.400000 0.428000
0.400000 0.426000
0.400000 0.424000
0.400000 0.422000
0.400000 0.420000
0.400000 0.418000
0.400000 0.416000
0.400000 0.414000
0.400000 0.412000
0.400000 0.410000
0.400000 0.408000
0.400000 0.406000
0.400000 0.404000
0.400000 0.402000
0.400000 0.400000
0.400000 0.398000
0.400000 0.396000
0.400000 0.394000
0.400000 0.392000
0.400000 0.390000
0.400000 0.388000
0.400000 0.386000
0.400000 0.384000
0.400000 0.382000
0.400000 0.380000
0.400000 0.378000
0.400000 0.376000
0.400000 0.374000
0.400000 0.372000
0.400000 0.370000
0.400000 0.368000
0.400000 0.366000
0.400000 0.364000
0.400000 0.362000
0.400000 0.360000
0.400000 0.358000
0.400000 0.356000
0.400000 0.354000
0.400000 0.352000
0.400000 0.350000
0.400000 0.348000
0.400000 0.346000
0.400000 0.344000
0.400000 0.342000
0.400000 0.340000
0.400000 0.338000
0.400000 0.336000
0.400000 0.334000
0.400000 0.332000
0.400000 0.330000
0.400000 0.328000
0.400000 0.326000
0.400000 0.324000
0.400000 0.322000
0.400000 0.320000
0.400000 0.318000
0.400000 0.316000
0.400000 0.314000
0.400000 0.312000
0.400000 0.310000
0.400000 0.308000
0.400000 0.306000
0.400000 0.304000
0.400000 0.302000
0.400000 0.300000
0.400000 0.298000
0.400000 0.296000
0.400000 0.294000
0.400000 0.292000
0.400000 0.290000
0.400000 0.288000
0.400000 0.286000
0.400000 0.284000
0.400000 0.282000
0.400000 0.280000
0.400000 0.278000
0.400000 0.276000
0.400000 0.274000
0.400000 0.272000
0.400000 0.270000
0.400000 0.268000
0.400000 0.266000
0.400000 0.264000
0.400000 0.262000
0.400000 0.260000
0.400000 0.258000
0.400000 0.256000
0.400000 0.254000
0.400000 0.252000
0.400000 0.250000
0.400000 0.248000
0.400000 0.246000
0.400000 0.244000
0.400000 0.242000
0.400000 0.240000
0.400000 0.238000
0.400000 0.236000
0.400000 0.234000
0.400000 0.232000
0.400000 0.230000
0.400000 0.228000
0.400000 0.226000
0.400000 0.224000
0.400000 0.222000
0.400000 0.220000
0.400000 0.218000
0.400000 0.216000
0.400000 0.214000
0.400000 0.212000
0.400000 0.210000
0.400000 0.208000
0.400000 0.206000
0.400000 0.204000
0.400000 0.202000
0.400000 0.200000
0.398000 0.200000
0.396000 0.200000
0.394000 0.200000
0.392000 0.200000
0.390000 0.200000
0.388000 0.200000
0.386000 0.200000
0.384000 0.200000
0.382000 0.200000
0.380000 0.200000
0.378000 0.200000
0.376000 0.200000
0.374000 0.200000
0.372000 0.200000
0.370000 0.200000
0.368000 0.200000
0.366000 0.200000
0.364000 0.200000
0.362000 0.200000
0.360000 0.200000
0.358000 0.200000
0.356000 0.200000
0.354000 0.200000
0.352000 0.200000
0.350000 0.200000
0.348000 0.200000
0.346000 0.200000
0.344000 0.200000
0.342000 0.200000
0.340000 0.200000
0.338000 0.200000
0.336000 0.200000
0.334000 0.200000
0.332000 0.200000
0.330000 0.200000
0.328000 0.200000
0.326000 0.200000
0.324000 0.200000
0.322000 0.200000
0.320000 0.200000
0.318000 0.200000
0.316000 0.200000
0.314000 0.200000
0.312000 0.200000
0.310000 0.200000
0.308000 0.200000
0.306000 0.200000
0.304000 0.200000
0.302000 0.200000
0.300000 0.200000
0.298000 0.200000
0.296000 0.200000
0.294000 0.200000
0.292000 0.200000
0.290000 0.200000
0.288000 0.200000
0.286000 0.200000
0.284000 0.200000
0.282000 0.200000
0.280000 0.200000
0.278000 0.200000
0.276000 0.200000
0.274000 0.200000
0.272000 0.200000
0.270000 0.200000
0.268000 0.200000
0.266000 0.200000
0.264000 0.200000
0.262000 0.200000
0.260000 0.200000
0.258000 0.200000
0.256000 0.200000
0.254000 0.200000
0.252000 0.200000
0.250000 0.200000
0.248000 0.200000
0.246000 0.200000
0.244000 0.200000
0.242000 0.200000
0.240000 0.200000
0.238000 0.200000
0.236000 0.200000
0.234000 0.200000
0.232000 0.200000
0.230000 0.200000
0.228000 0.200000
0.226000 0.200000
0.224000 0.200000
0.222000 0.200000
0.220000 0.200000
0.218000 0.200000
0.216000 0.200000
0.214000 0.200000
0.212000 0.200000
0.210000 0.200000
0.208000 0.200000
0.206000 0.200000
0.204000 0.200000
0.202000 0.200000
